-0.119735 264.753948 238
-0.022640 228.792845 156
0.300479 190.313483 91
-0.424287 284.463220 159
-0.614486 287.310146 101
-0.199250 213.667411 147
-0.174970 263.199704 381
-0.101112 263.062881 473
-0.149001 265.420471 311
-0.144831 273.521214 237
0.088270 223.691533 124
-0.054863 238.595647 464
-0.137589 261.828029 402
-0.058132 245.460118 394
-0.142976 266.308094 383
-0.039550 205.070787 115
-0.118184 240.956123 241
0.019197 254.280439 191
-0.335960 247.201231 194
0.064858 227.512384 189
-0.053394 224.353031 251
-0.207696 257.601919 223
-0.641793 253.128545 100
-0.135725 254.044511 282
-1.412369 338.991076 74
-0.177083 257.051449 305
-0.650185 270.006778 82
0.015240 254.480685 224
-0.034544 244.117773 138
-0.219831 255.370952 236
-0.323426 248.026104 107
-0.139171 255.085427 244
-0.141331 215.903722 179
-0.363117 257.166191 206
-0.029923 239.519572 196
-0.218275 282.778040 291
-0.233399 255.502740 165
-0.499337 258.858039 142
-0.077357 257.860455 438
-0.268347 270.876724 45
-0.298252 286.796107 331
-0.080513 230.964038 403
-0.181420 266.321244 240
-0.570501 238.986403 89
-0.050701 239.905391 163
-0.395708 257.509973 167
-0.168322 283.072559 156
-0.164900 241.788412 262
-0.486111 310.741854 213
-0.159224 216.829801 120
-0.038311 249.093885 192
-0.586382 309.443264 204
-0.519466 297.332720 185
-0.032565 211.612330 145
-0.225039 250.763349 197
-0.353024 213.302450 98
-0.198524 260.296714 283
-0.073947 251.378504 397
-0.122308 261.583363 340
-0.516453 300.248458 153
-0.270291 247.684562 159
-0.002638 243.375395 43
-0.418907 245.719158 77
-0.364912 258.257142 170
-0.431992 247.469954 101
-0.210526 269.193751 368
-0.126430 266.946778 363
0.664860 168.121986 77
-0.217749 265.246724 344
0.038647 236.618329 93
-0.208327 261.456701 191
-0.131014 262.926803 160
0.070879 211.334980 159
-0.395167 240.763968 118
-0.055616 251.299413 132
-0.624952 263.944692 140
-0.663056 287.466626 137
-0.572124 247.695121 85
-0.228198 207.845587 109
0.033353 240.604697 334
-0.141810 274.696115 285
-0.371227 299.922510 251
-0.444328 300.698607 219
0.129318 211.745580 246
-0.067308 255.854843 401
-0.145309 269.160023 391
-0.087418 251.719771 402
-0.141550 271.709947 360
-0.225400 260.501884 279
-0.204094 271.683113 306
-0.086588 255.290402 194
-0.332514 259.910894 130
-0.363739 292.785805 191
-0.210037 226.782771 147
-0.339372 304.838265 130
0.132711 227.675408 159
-0.107621 261.923733 467
-0.204737 281.401308 118
-0.521173 287.117840 182
-0.024028 213.767037 78
-0.339767 280.850215 178
-0.323802 282.328800 223
0.051865 229.153068 204
-0.801436 288.364639 102
-0.244244 243.864266 113
-0.169758 261.700576 292
-0.114253 265.611565 295
-0.153194 251.369862 309
-0.238958 203.143657 114
-0.113197 275.256980 388
-0.658789 327.823991 137
-0.213890 287.269132 285
0.037338 235.174770 337
0.426942 212.484975 79
-0.155468 219.576666 213
-0.296616 213.583561 174
-0.007440 226.116212 335
-1.525758 321.074041 83
-0.354619 235.035447 158
-0.306077 292.156761 132
-0.204442 232.754630 172
-0.091762 273.122124 138
0.046661 236.501527 149
0.359070 200.765734 106
-0.683638 231.880568 78
-0.135858 267.370857 392
-0.086277 270.924247 173
0.122149 209.954909 36
0.110059 197.391076 168
-0.094857 261.720106 346
0.363881 215.055564 117
-0.131513 268.673099 316
-1.244300 317.931840 104
-0.003580 247.364327 72
-0.049150 236.284863 247
-0.321418 284.125156 242
-0.231672 289.457878 350
-0.339898 239.069158 28
-0.387591 290.259854 154
-0.542298 242.070946 109
-0.082215 239.393034 237
-0.577902 260.161549 116
0.000071 270.888722 134
-0.392879 281.099255 87
-0.335563 295.213518 111
-0.162519 236.059850 208
-0.450908 235.128921 44
-0.417352 288.181695 228
-0.047027 243.249655 112
-0.138870 244.595902 190
-0.232289 259.758007 229
-0.118533 257.034146 284
0.070342 233.901405 154
0.419306 219.158523 111
-0.812758 341.736041 35
-0.292046 282.421435 176
-0.687408 310.489103 123
-0.827326 294.374313 114
-0.395936 285.199056 166
2.378914 104.665640 44
-0.222299 306.678422 32
0.006473 275.995829 139
0.341269 226.830486 63
0.057071 215.586511 52
-0.097975 232.692849 137
-0.759496 285.170509 64
-0.056161 254.164189 71
0.108820 206.606085 264
-0.547132 328.249403 201
-0.554230 284.043776 144
-0.758276 267.178409 88
-0.504886 288.161056 149
-0.265516 263.289843 105
0.258099 238.709141 152
-0.122106 261.404372 305
-0.727408 314.823456 118
-0.002288 206.050480 131
-0.762896 294.164223 98
0.408979 232.174886 73
-0.516440 282.401199 182
-0.204658 283.486722 155
-0.692498 280.075671 80
-0.175983 261.319445 188
0.463846 207.980538 64
-0.255556 255.070226 124
-0.115306 265.063631 262
-0.698015 296.588335 104
-0.050635 261.153730 253
-0.292315 250.829834 104
-0.516164 266.384388 98
-0.897233 277.230680 95
-0.142050 242.373054 247
0.272961 223.482028 127
0.083808 252.483046 104
-0.433256 267.231086 170
-0.278872 261.832097 216
0.142617 228.412903 98
-0.893637 308.297193 100
-0.175873 236.396915 245
-0.669467 254.634555 118
-0.265655 240.238920 123
-0.184477 241.574537 210
-0.120921 246.598195 388
-0.064161 254.456778 179
-0.064259 206.107035 128
-0.276192 283.154224 288
-0.255576 273.760888 306
-0.080786 255.815944 179
-0.914021 291.836827 96
0.024802 224.612731 84
-0.475824 311.748228 244
-0.166437 261.836773 220
-1.175653 273.734577 78
-0.110178 264.060725 134
-0.037904 221.933278 145
-0.170154 232.792366 58
-0.702879 301.442977 132
-0.178733 225.860761 130
-0.335871 279.500048 224
-0.960893 294.056641 112
-0.109714 256.549324 385
-0.227149 283.456868 174
-0.017156 222.832627 196
-0.397820 302.850653 201
0.411229 204.846187 180
-0.260498 273.486781 278
-0.176874 249.580741 249
-0.312441 292.680464 229
-1.193039 330.438934 100
-0.131332 261.294379 244
-0.372725 245.561406 87
-0.365277 261.806381 147
-0.194131 222.501398 83
-0.033628 213.011809 228
-0.061956 251.298213 356
-0.224886 274.316654 94
-0.229193 243.025777 213
-0.091055 251.619835 210
-0.266465 254.278989 233
-0.190511 248.957287 212
-0.009008 227.268177 209
-0.172391 251.816215 337
