-0.020972 147.732578 1.465068e+02 1
-0.012593 123.651310 1.147321e+02 1
-0.018716 138.681325 1.040670e+02 1
-0.006767 157.913070 1.468876e+02 1
-0.013294 142.162239 1.376476e+02 1
-0.033256 147.205110 1.158920e+02 1
-0.009086 146.765113 4.685742e+01 1
-0.015196 132.034396 1.253120e+02 1
-0.019145 145.217838 1.131457e+02 1
-0.018183 154.828123 2.289812e+02 1
-0.006308 116.628112 9.212733e+01 1
-0.028753 176.202543 1.050038e+02 1
-0.010857 152.066475 2.025658e+02 1
-0.014618 159.738597 1.305410e+02 1
-0.017900 152.364789 1.445505e+02 1
-0.031492 147.496775 1.136060e+02 1
-0.032879 170.126831 1.295185e+02 1
-0.008370 150.099606 1.024876e+02 1
-0.012382 143.006422 1.518136e+02 1
-0.022529 151.143308 1.288614e+02 1
-0.018610 177.005443 1.635467e+02 1
-0.009330 147.480009 1.214110e+02 1
-0.023443 155.346997 2.081150e+02 1
-0.006788 152.444364 2.013409e+02 1
-0.020001 172.502334 1.885883e+02 1
-0.013597 137.039316 1.121268e+02 1
-0.018468 155.703085 2.058621e+02 1
-0.023173 169.822991 1.754218e+02 1
-0.012858 150.706618 2.087579e+02 1
-0.017119 161.240288 1.813776e+02 1
-0.007215 149.931519 2.400240e+02 1
-0.016957 159.427255 1.798490e+02 1
-0.008622 149.378963 1.412916e+02 1
-0.027007 169.048211 7.931613e+01 1
-0.015751 143.317930 1.753580e+02 1
0.002375 152.141402 1.439270e+02 1
0.001857 168.836577 1.741049e+02 1
-0.019709 149.974907 1.465218e+02 1
-0.006903 143.052816 1.297940e+02 1
-0.003300 153.593344 1.670706e+02 1
-0.008378 145.945473 1.506764e+02 1
-0.010509 158.577521 1.354954e+02 1
-0.016343 155.986091 1.675702e+02 1
-0.020145 150.746608 1.092411e+02 1
-0.034651 168.410849 1.390949e+02 1
-0.019364 150.186591 1.462608e+02 1
-0.008964 159.392418 1.448973e+02 1
-0.026575 177.590031 1.570207e+02 1
-0.022770 166.958717 1.951961e+02 1
-0.012243 151.773447 1.419650e+02 1
-0.021278 149.822838 2.083971e+02 1
-0.029091 167.496366 1.442482e+02 1
-0.011646 164.387329 1.385618e+02 1
-0.000953 126.269798 1.154690e+02 1
-0.004919 150.063594 1.519239e+02 1
-0.024337 155.202663 1.657820e+02 1
-0.038748 168.184254 1.372068e+02 1
-0.030612 167.480482 1.167138e+02 1
0.006493 140.949340 1.420479e+02 1
-0.029226 152.273886 9.709670e+01 1
-0.009419 153.962673 1.842992e+02 1
-0.019787 143.914794 1.224558e+02 1
-0.009993 168.106182 1.335735e+02 1
-0.040569 144.185815 5.079053e+01 1
-0.017531 155.047877 1.403068e+02 1
-0.006446 155.526713 1.489709e+02 1
-0.017990 141.967151 1.422097e+02 1
-0.025966 158.013402 1.305362e+02 1
-0.018316 153.040947 1.382931e+02 1
-0.017600 143.999607 1.456512e+02 1
-0.013437 142.455708 1.691794e+02 1
-0.029121 172.828435 1.714786e+02 1
-0.014309 148.451592 2.179115e+02 1
-0.021732 154.320174 1.313482e+02 1
-0.021601 159.534533 1.875988e+02 1
-0.005152 144.781365 1.089243e+02 1
-0.021790 158.757255 1.556684e+02 1
-0.022147 175.989022 1.572073e+02 1
-0.004365 132.549854 1.445526e+02 1
-0.027399 167.988422 1.567619e+02 1
-0.016837 156.580303 1.505405e+02 1
-0.005552 142.556116 1.458018e+02 1
-0.044552 156.278763 1.015209e+02 1
-0.008633 141.775398 1.175598e+02 1
-0.016385 145.667401 1.341851e+02 1
-0.024226 157.179413 1.370008e+02 1
-0.024589 147.477460 1.570944e+02 1
-0.023654 149.703334 1.131260e+02 1
-0.018330 152.739781 1.167581e+02 1
-0.024572 154.305941 1.459571e+02 1
-0.017998 158.209750 1.145751e+02 1
-0.032055 170.911338 1.346705e+02 1
-0.027451 156.807627 1.420911e+02 1
-0.026119 148.991569 1.273126e+02 1
-0.029452 172.437062 1.052166e+02 1
-0.046917 177.058736 8.939587e+01 1
-0.022029 163.201876 1.108283e+02 1
-0.032960 164.137236 1.420453e+02 1
-0.040919 187.887547 1.194656e+02 1
-0.014551 153.825602 1.176638e+02 1
-0.013816 154.624032 1.258717e+02 1
-0.006803 152.778238 1.085676e+02 1
-0.020906 154.089944 1.395873e+02 1
-0.039132 166.006957 1.006619e+02 1
-0.031589 159.640500 1.576968e+02 1
-0.020558 141.882556 1.447508e+02 1
-0.020041 154.677281 1.332597e+02 1
-0.016772 155.450809 1.388143e+02 1
-0.021092 159.954837 8.494293e+01 1
-0.028338 138.354978 4.617635e+01 1
-0.008330 126.031390 5.790172e+01 1
-0.021090 166.289729 1.393470e+02 1
-0.013562 154.753365 1.579631e+02 1
-0.021329 159.754291 1.430010e+02 1
-0.003133 151.377716 3.368414e+02 2
-0.008186 158.434237 1.835243e+02 2
-0.021243 148.490397 1.526027e+02 2
-0.032472 156.268300 1.575463e+02 2
-0.012868 149.176715 1.611627e+02 2
-0.016401 158.733094 1.283636e+02 2
-0.021440 159.648865 1.803579e+02 2
-0.009987 153.031216 3.700150e+02 2
-0.012945 153.810242 2.328618e+02 2
-0.012303 147.168726 2.017788e+02 2
-0.050771 167.977848 8.437758e+01 2
-0.025016 183.722918 2.304944e+02 2
-0.005284 162.728343 1.354960e+02 2
-0.010666 168.361316 9.441005e+01 2
-0.024436 175.236284 1.447456e+02 2
-0.010866 160.673137 1.766773e+02 2
-0.013646 160.241369 2.378431e+02 2
-0.009819 152.349211 1.457612e+02 2
-0.025241 158.915199 1.102604e+02 2
-0.005007 162.029418 1.224938e+02 2
-0.014639 163.028765 1.566088e+02 2
-0.002649 117.276564 6.099139e+01 2
-0.039427 162.469259 9.156524e+01 2
-0.020121 176.306038 1.267112e+02 2
-0.019792 183.966525 1.263468e+02 2
-0.011093 161.135466 2.371169e+02 2
-0.021067 162.244773 1.497371e+02 2
-0.025493 152.735613 1.046940e+02 2
-0.027952 173.502153 1.661139e+02 2
-0.038333 173.480328 1.236334e+02 2
-0.019013 163.723607 1.612848e+02 2
-0.019861 165.667578 1.816295e+02 2
0.007664 164.559131 6.371797e+01 2
-0.009173 151.557233 1.300614e+02 2
-0.030428 180.768727 1.135204e+02 2
-0.010568 163.770271 1.677042e+02 2
-0.005185 164.185340 1.299877e+02 2
-0.013129 150.870141 1.961465e+02 2
0.002808 163.358389 3.350971e+02 2
-0.018519 158.935050 1.227451e+02 2
-0.015914 151.728508 8.110389e+01 2
-0.036187 184.946373 1.781890e+02 2
-0.012357 161.456900 2.828090e+02 2
-0.028013 188.865738 1.818129e+02 2
0.011234 157.148146 7.134768e+01 2
-0.017686 171.044459 1.299034e+02 2
-0.001725 150.902587 3.347592e+02 2
-0.018164 167.257952 1.574447e+02 2
0.009073 158.493471 1.194282e+02 2
-0.007188 169.266965 1.451663e+02 2
-0.036096 171.479807 7.824090e+01 2
-0.017799 170.822977 2.146835e+02 2
-0.026733 167.380042 1.723711e+02 2
-0.013154 164.202138 1.199607e+02 2
-0.015719 174.507026 2.471151e+02 2
-0.013597 157.205185 1.787459e+02 2
-0.014462 154.876266 2.556781e+02 2
-0.003035 153.463604 1.289755e+02 2
-0.021418 158.946077 1.657810e+02 2
-0.001506 151.356226 1.890019e+02 2
-0.016717 160.755418 1.527250e+02 2
-0.010437 159.548759 3.233232e+02 2
-0.007089 156.050114 1.604077e+02 2
-0.015964 160.462063 2.322811e+02 2
-0.014043 154.813282 1.690158e+02 2
-0.018907 152.125779 1.770255e+02 2
-0.013184 166.918842 1.397237e+02 2
-0.023676 164.154336 1.532637e+02 2
-0.028457 156.250163 9.378958e+01 2
-0.028415 177.512702 1.592483e+02 2
-0.022904 160.205364 9.273320e+01 2
-0.014977 153.081568 2.355734e+02 2
-0.054122 173.020327 8.454626e+01 2
-0.025756 174.693160 1.339465e+02 2
-0.024511 170.386680 1.653877e+02 2
-0.032133 179.802633 1.362903e+02 2
-0.012874 169.784101 1.473466e+02 2
-0.001138 161.301565 2.189848e+02 2
-0.002377 151.246329 1.477729e+02 2
-0.019546 171.042056 1.158364e+02 2
-0.010930 166.577734 2.528854e+02 2
-0.005472 162.137366 1.290105e+02 2
-0.010801 160.054371 1.729984e+02 2
-0.007290 170.888318 1.425484e+02 2
-0.047689 194.577606 4.694479e+01 2
-0.027893 190.522304 2.242358e+02 2
-0.010125 149.386665 1.773043e+02 2
-0.031196 165.294608 1.505601e+02 2
-0.017607 156.737118 1.709375e+02 2
-0.047017 179.037949 7.048678e+01 2
-0.020861 150.874645 1.681607e+02 2
-0.018003 161.621063 1.571528e+02 2
-0.017016 165.867129 1.463325e+02 2
-0.018280 169.415895 2.321468e+02 2
-0.013806 157.070054 1.236714e+02 2
-0.014041 157.558041 8.652588e+01 2
-0.034377 164.850209 1.101537e+02 2
-0.017530 160.382157 1.038468e+02 2
-0.021603 179.026108 1.654254e+02 2
-0.009302 144.642523 1.388000e+02 2
-0.012520 158.443000 1.165131e+02 2
-0.028610 156.349710 1.047364e+02 2
-0.033199 157.987360 1.259600e+02 2
-0.021685 164.268601 1.047384e+02 2
-0.002658 150.411795 2.499245e+02 2
-0.024294 160.878295 1.051879e+02 2
-0.016152 175.641481 1.038624e+02 2
-0.020493 167.497230 1.280136e+02 2
-0.029438 164.206695 1.191302e+02 2
-0.015154 172.722822 2.360762e+02 2
-0.011396 157.058001 1.573285e+02 2
-0.023680 164.506308 1.777733e+02 2
-0.024891 176.716882 2.057898e+02 2
-0.020618 172.489276 1.714808e+02 2
-0.030369 168.980588 1.282647e+02 2
-0.016123 155.644777 2.087909e+02 2
-0.018694 158.422982 1.415413e+02 2
-0.006340 158.473028 2.093243e+02 2
-0.011904 170.806817 2.002972e+02 2
-0.021761 156.568161 7.688585e+01 2
0.000131 167.239858 9.943444e+01 2
0.004288 152.384302 1.880788e+02 2
-0.015425 175.121927 2.640001e+02 2
-0.008327 166.285296 1.116421e+02 2
-0.012995 161.915700 2.596958e+02 2
-0.006609 163.764411 1.661297e+02 2
-0.034413 169.581644 1.101901e+02 2
-0.004102 164.168629 1.307663e+02 2
-0.016207 184.236551 2.204488e+02 2
-0.005849 167.099371 2.326525e+02 2
-0.007280 165.895864 1.302303e+02 2
0.002132 139.952742 1.084408e+02 2
-0.005233 152.538866 1.404133e+02 2
-0.019642 166.155431 2.281542e+02 2
-0.031205 172.154758 1.345923e+02 2
-0.013306 148.144330 1.502685e+02 2
-0.023768 158.104412 1.622298e+02 2
-0.023327 157.410743 9.993775e+01 2
-0.025919 157.158853 1.659053e+02 2
-0.005230 149.557132 3.626137e+02 2
-0.004694 149.330551 1.199465e+02 2
-0.009877 154.210386 1.434787e+02 2
-0.012844 143.573461 1.214562e+02 2
-0.014568 143.560664 1.640720e+02 2
-0.020666 161.576511 1.360672e+02 2
-0.009083 162.511008 1.525755e+02 2
-0.023676 162.878502 1.182252e+02 2
-0.017509 158.159298 1.648613e+02 2
0.007648 138.820404 1.267787e+02 2
-0.023606 155.968755 1.680979e+02 2
-0.007354 140.441774 8.328048e+01 2
-0.028637 180.548711 1.894681e+02 2
-0.008868 162.324985 8.421415e+01 2
-0.000332 168.944236 1.430984e+02 2
-0.031909 162.199193 1.169586e+02 2
-0.008357 150.790937 1.528805e+02 2
-0.011146 159.901816 1.936975e+02 2
-0.039251 168.420012 1.385517e+02 2
-0.021240 173.568882 2.265341e+02 2
-0.021546 178.553485 1.602229e+02 2
0.003216 135.530884 1.858804e+02 2
-0.020794 177.767474 2.143393e+02 2
-0.007635 163.147307 1.571359e+02 2
-0.009218 139.990993 1.558375e+02 2
-0.010518 161.476813 1.490584e+02 2
-0.024730 155.657341 1.373381e+02 2
-0.010729 134.636251 1.889884e+02 2
-0.024478 187.231052 1.186884e+02 2
-0.008904 164.093524 1.921989e+02 2
-0.021360 171.299756 2.144850e+02 2
-0.043631 187.909460 1.030715e+02 2
-0.002247 136.120445 1.088116e+02 2
-0.020185 183.035331 1.193904e+02 2
-0.020786 160.411653 1.153235e+02 2
-0.025904 149.315738 1.211355e+02 2
-0.032099 161.621662 1.545473e+02 2
-0.038715 159.967344 1.536707e+02 2
-0.011038 145.440304 1.325255e+02 2
-0.019514 162.811521 1.830368e+02 2
0.001203 141.735103 1.906803e+02 2
-0.016070 144.597625 1.133717e+02 2
-0.018961 149.710344 1.404154e+02 2
-0.034240 160.825674 1.404684e+02 2
-0.021947 179.278252 1.822111e+02 2
-0.009779 163.502783 1.047345e+02 2
-0.013231 143.690743 1.697182e+02 2
-0.010193 168.170138 2.078886e+02 2
-0.019778 153.326653 1.617151e+02 2
-0.005886 148.411462 1.818044e+02 2
-0.026566 189.581147 1.760889e+02 2
-0.008384 156.011996 2.116052e+02 2
-0.005214 155.734991 1.707789e+02 2
-0.016404 174.262380 1.676976e+02 2
-0.018319 151.423154 1.618526e+02 2
-0.015924 174.774490 1.657468e+02 2
-0.019530 157.738183 1.351571e+02 2
-0.018425 156.436405 1.597715e+02 2
-0.005676 162.111585 1.567030e+02 2
-0.006890 176.332139 1.463636e+02 2
-0.026365 192.268059 1.352536e+02 2
-0.010374 170.996305 1.244206e+02 2
-0.016962 166.156477 1.172147e+02 2
-0.003167 153.381466 2.164910e+02 2
-0.024941 173.036713 1.440595e+02 2
-0.015666 164.600530 1.801933e+02 2
-0.023568 165.598427 1.573062e+02 2
-0.007767 160.188443 1.834667e+02 2
-0.004397 157.177200 1.506170e+02 2
-0.015449 164.231663 1.800959e+02 2
-0.020881 161.107201 1.464385e+02 2
-0.056905 164.872930 7.738499e+01 2
-0.019323 170.581044 1.778963e+02 2
-0.005209 144.953339 2.290384e+02 2
-0.004786 157.152841 1.975254e+02 2
-0.019704 173.708252 2.291933e+02 2
-0.023384 178.324701 1.174849e+02 2
-0.024036 169.129426 2.172097e+02 2
-0.010197 168.953326 1.612722e+02 2
-0.019780 145.195813 1.744769e+02 2
-0.025670 165.164615 1.381226e+02 2
-0.017182 163.420788 1.568289e+02 2
-0.014669 154.930547 9.495612e+01 2
-0.005788 139.821577 2.629472e+02 2
-0.018807 166.558827 1.273914e+02 2
-0.013848 154.188633 1.186055e+02 2
-0.031927 166.699382 8.952770e+01 2
-0.008241 146.719351 1.200774e+02 2
-0.019683 166.969246 1.116967e+02 2
-0.037963 166.918487 1.030028e+02 2
-0.044498 155.562062 1.072242e+02 2
-0.023678 158.714123 1.290114e+02 2
-0.034824 162.287400 1.270738e+02 2
-0.014179 165.311699 1.869425e+02 2
-0.019887 164.145433 2.148361e+02 2
-0.007286 145.382870 1.827942e+02 2
-0.001119 158.037425 1.399248e+02 2
-0.028178 167.241920 1.213058e+02 2
-0.005320 161.717196 2.081667e+02 2
-0.012994 137.973917 1.416685e+02 2
-0.013701 162.654089 2.465113e+02 2
-0.021935 162.369661 1.215809e+02 2
0.005675 135.077596 1.078958e+02 2
-0.005901 157.114428 1.604466e+02 2
-0.016162 177.427766 1.579677e+02 2
-0.011882 153.662425 1.673925e+02 2
-0.006445 142.907270 1.545732e+02 2
-0.002647 140.477280 1.742609e+02 2
-0.003710 129.811957 1.650043e+02 2
-0.012367 153.157198 1.524642e+02 2
-0.014564 147.628244 2.227761e+02 2
-0.013008 165.122258 1.963865e+02 2
-0.008696 154.393356 2.289807e+02 2
-0.001000 153.069236 2.178103e+02 2
-0.007864 149.153779 2.223261e+02 2
-0.003913 166.971850 1.269073e+02 2
-0.014518 168.713570 1.629666e+02 2
-0.020648 163.786680 1.245216e+02 2
-0.011419 154.849606 1.652379e+02 2
-0.031628 183.151375 1.351074e+02 2
-0.013183 149.550269 1.108894e+02 2
-0.030528 174.698959 1.016622e+02 2
-0.022978 166.109754 1.713087e+02 2
-0.017179 177.540088 1.311947e+02 2
-0.016448 166.775063 1.274715e+02 2
-0.020969 160.633611 1.446625e+02 2
-0.021587 167.969352 1.544021e+02 2
-0.022727 149.319546 1.164407e+02 2
-0.003090 145.819786 1.771826e+02 2
0.003496 145.060688 9.700686e+01 2
-0.025160 179.104712 1.841842e+02 2
-0.001192 155.261181 1.043517e+02 2
-0.032837 167.645059 1.052817e+02 2
-0.029947 157.024274 1.222076e+02 2
-0.022722 152.367713 1.201163e+02 2
-0.013675 141.858509 1.195227e+02 2
-0.023226 147.758201 1.069520e+02 2
-0.020442 149.746798 1.393508e+02 2
-0.029674 178.854462 1.333417e+02 2
-0.013452 159.622169 2.144519e+02 2
-0.019934 155.424773 1.712467e+02 2
-0.022720 167.814330 1.239486e+02 2
-0.011351 144.559132 1.166543e+02 2
-0.010984 161.771479 1.096741e+02 2
-0.026603 163.672208 1.484959e+02 2
-0.007807 155.440830 1.596599e+02 2
-0.011415 166.108403 1.666967e+02 2
-0.015527 159.879927 1.941034e+02 2
-0.017680 154.950923 1.153450e+02 2
-0.014523 157.291540 1.238366e+02 2
-0.016232 167.976057 1.655436e+02 2
-0.006893 144.786827 1.885508e+02 2
-0.011359 155.463930 1.851959e+02 2
-0.015385 154.976784 1.848034e+02 2
-0.022627 159.833203 1.190724e+02 2
-0.024567 149.155191 4.859703e+01 2
-0.021892 166.471745 1.326214e+02 2
-0.021153 169.224471 1.847908e+02 2
0.017536 134.024697 1.198251e+02 2
-0.003505 153.466429 1.703050e+02 2
0.000170 155.024525 8.704394e+01 2
-0.004835 143.028436 2.021097e+02 2
-0.030896 165.406053 1.315965e+02 2
-0.029217 170.597032 1.470436e+02 2
-0.012631 157.763966 1.988186e+02 2
-0.022958 154.715873 1.223768e+02 2
-0.009572 156.193415 1.788311e+02 2
-0.010407 165.326515 1.657691e+02 2
-0.018418 160.929995 1.588240e+02 2
-0.015761 151.387364 1.973658e+02 2
-0.031514 166.085111 1.220708e+02 2
-0.026941 156.213101 1.555585e+02 2
-0.018011 158.972781 2.235450e+02 2
-0.018822 157.127752 1.931122e+02 2
-0.014749 164.528063 1.383136e+02 2
-0.012757 177.743513 7.640742e+01 2
-0.005957 158.301002 1.429710e+02 2
-0.032486 178.103513 1.219513e+02 2
-0.008531 159.462244 1.062720e+02 2
-0.013638 158.971486 2.710978e+02 2
-0.028313 145.349901 9.095973e+01 2
-0.006055 158.299059 1.316225e+02 2
-0.021672 151.232921 1.529083e+02 2
-0.007855 162.234982 1.748510e+02 2
-0.014052 139.284562 9.675953e+01 2
-0.013630 156.981756 2.522960e+02 2
-0.011385 151.008226 1.733813e+02 2
-0.016182 171.957801 1.829404e+02 2
-0.015524 158.733204 1.282285e+02 2
-0.016702 161.675216 1.048822e+02 2
0.003266 138.234903 5.348061e+01 2
-0.004750 158.856211 2.183700e+02 2
-0.017097 159.788593 1.456020e+02 2
-0.031182 184.879844 1.623043e+02 2
-0.021162 158.264889 1.802137e+02 2
-0.026696 195.618293 1.224846e+02 2
-0.037278 145.215656 8.774227e+01 2
-0.020583 169.755449 1.419654e+02 2
-0.022588 174.784772 1.059337e+02 2
-0.003990 141.266542 9.564776e+01 2
-0.004398 146.377680 1.308726e+02 2
-0.037134 163.933075 1.078232e+02 2
-0.017651 152.083600 1.127895e+02 2
-0.019513 158.940735 1.355574e+02 2
-0.018574 162.382907 9.323601e+01 2
-0.018409 172.447243 1.373034e+02 2
-0.000976 160.426395 1.258915e+02 2
-0.026591 167.654898 1.777681e+02 2
-0.004787 168.615774 1.983969e+02 2
-0.009642 157.372400 1.866949e+02 2
-0.028123 167.482066 1.120676e+02 2
-0.015667 152.456930 1.125380e+02 2
-0.017812 158.344504 1.356703e+02 2
-0.028901 171.706612 1.078654e+02 2
-0.005082 143.744704 9.596952e+01 2
-0.026508 167.394766 6.070938e+01 2
-0.003620 159.617001 1.296716e+02 2
-0.012542 142.509014 1.115747e+02 2
-0.016770 143.156696 1.646197e+02 2
-0.017290 147.531696 1.771196e+02 2
-0.012036 143.452202 1.444625e+02 2
-0.032936 162.546081 1.034114e+02 2
-0.004294 148.812781 3.372419e+02 2
-0.004944 143.283068 2.108155e+02 2
-0.018137 158.937236 1.773358e+02 2
-0.015714 162.044748 1.265481e+02 2
-0.012184 154.474055 9.387165e+01 2
-0.014706 158.175946 8.230190e+01 2
-0.078447 186.552371 6.569450e+01 2
0.016216 164.932185 1.091344e+02 2
0.006966 148.754583 1.546206e+02 2
0.028371 138.899377 5.240677e+01 2
-0.000348 148.677673 2.550552e+02 2
-0.022753 168.427145 1.833048e+02 2
0.001965 150.961888 7.539953e+01 2
-0.012862 173.238290 1.474648e+02 2
-0.024516 159.580907 1.149689e+02 2
-0.001947 133.954697 3.237421e+02 2
-0.021929 174.222324 1.643824e+02 2
-0.027507 182.260512 1.574407e+02 2
-0.015122 134.021337 1.068054e+02 2
-0.027476 174.531152 1.302118e+02 2
-0.022775 167.285990 1.270549e+02 2
-0.018064 168.480193 1.664273e+02 2
-0.022826 143.967128 8.674062e+01 2
-0.019004 158.637234 1.162375e+02 2
-0.014170 153.978119 1.476874e+02 2
-0.002703 166.700628 1.414589e+02 2
-0.021699 160.286724 1.353017e+02 2
-0.024459 163.522978 1.334027e+02 2
-0.024539 164.153942 1.072313e+02 2
-0.022663 170.446512 1.081328e+02 2
-0.009159 151.823129 8.092182e+01 2
-0.025396 165.328609 1.275364e+02 2
-0.019771 159.081995 1.231939e+02 2
-0.024085 175.782570 1.303630e+02 2
-0.028795 170.601972 1.031515e+02 2
-0.017398 174.838793 8.928808e+01 2
-0.018936 153.365034 1.054114e+02 2
-0.012349 163.554968 1.250783e+02 2
-0.029353 152.872380 1.248127e+02 2
-0.018274 160.179630 1.236696e+02 2
-0.013743 159.287149 1.778933e+02 2
-0.028654 177.896059 1.074635e+02 2
-0.027715 180.684359 1.335807e+02 2
-0.028736 155.817089 7.506862e+01 2
-0.032265 184.383705 1.712894e+02 2
-0.017354 153.323506 1.064592e+02 2
-0.019286 170.273020 1.527475e+02 2
-0.009037 150.424156 1.491893e+02 2
-0.017258 157.269628 1.542756e+02 2
-0.000417 162.093296 1.358071e+02 2
-0.043574 158.633906 6.345782e+01 2
-0.025539 181.219287 1.530445e+02 2
-0.001906 127.823522 1.234619e+02 2
-0.006042 144.578809 1.045035e+02 2
-0.020698 172.128703 1.406256e+02 2
-0.021935 179.746067 1.475850e+02 2
-0.012915 173.980214 1.071065e+02 2
-0.016595 159.552576 6.516970e+01 2
-0.016556 169.577535 1.008258e+02 2
-0.024920 161.479842 1.236871e+02 2
-0.017619 157.218061 1.297730e+02 2
-0.003997 151.742126 1.541117e+02 2
-0.023039 176.462421 1.382520e+02 2
-0.025832 167.244154 1.118772e+02 2
-0.022485 178.756220 1.482060e+02 2
-0.009082 145.812196 7.482706e+01 2
-0.006276 162.833614 1.845631e+02 2
-0.014925 161.820381 1.217842e+02 2
-0.014707 168.220714 1.811256e+02 2
0.022446 142.164452 8.486019e+01 2
-0.012044 164.845177 1.688423e+02 2
-0.014742 170.602011 1.608876e+02 2
-0.010436 173.962511 1.847028e+02 2
-0.020407 164.621639 1.784789e+02 2
-0.024868 172.154164 1.328973e+02 2
-0.003132 144.997801 1.737906e+02 2
-0.010702 170.482234 1.050649e+02 2
-0.024357 164.340505 1.910494e+02 2
-0.025941 167.769690 1.251931e+02 2
-0.008517 144.808243 1.281364e+02 2
-0.046470 169.560385 8.914591e+01 2
-0.012212 167.262215 9.673700e+01 2
-0.033909 163.010629 1.287903e+02 2
-0.010474 163.407452 1.697717e+02 2
-0.031058 176.920513 1.720182e+02 2
-0.011048 163.281166 1.818859e+02 2
-0.023342 169.454822 2.070935e+02 2
-0.016549 162.442428 1.997434e+02 2
-0.019170 153.863810 1.069984e+02 2
-0.024487 159.622687 1.508532e+02 2
-0.010145 160.981363 1.060182e+02 2
-0.014134 169.328198 1.547236e+02 2
0.028025 129.428361 7.884201e+01 2
-0.016206 181.896099 1.893805e+02 2
0.003536 145.674027 1.803441e+02 2
-0.004202 153.218278 1.550603e+02 2
-0.046747 186.527998 8.871026e+01 2
-0.007902 174.053949 1.316218e+02 2
-0.011806 173.441323 1.409006e+02 2
-0.031039 190.957328 1.472244e+02 2
-0.024309 164.309148 1.329594e+02 2
-0.043377 189.053181 1.332135e+02 2
0.007781 160.963052 1.397407e+02 2
-0.028382 198.334014 1.344202e+02 2
-0.015104 160.027398 1.911054e+02 2
-0.018109 161.123828 1.467732e+02 2
-0.034648 160.881882 1.329272e+02 2
-0.019954 171.858926 1.714432e+02 2
-0.013446 181.593350 1.913901e+02 2
-0.022786 166.421043 8.743014e+01 2
-0.008888 160.135732 8.976800e+01 2
-0.026381 188.144633 1.981813e+02 2
-0.006995 166.481897 8.868004e+01 2
-0.022835 188.616471 2.223438e+02 2
-0.035994 178.668056 1.158565e+02 2
-0.018088 178.096956 1.414780e+02 2
-0.010961 144.889356 1.714890e+02 2
-0.021914 190.125251 1.720890e+02 2
-0.023487 151.276954 1.329374e+02 2
-0.013710 159.907586 1.343222e+02 2
-0.023896 157.409743 1.388728e+02 2
-0.015433 163.396412 1.666577e+02 2
0.007048 159.456063 1.137149e+02 2
-0.026149 165.739189 1.459948e+02 2
-0.012181 159.042726 1.354181e+02 2
-0.027077 188.693824 9.592491e+01 2
-0.009259 168.838463 1.310290e+02 2
-0.013880 157.687492 1.404784e+02 2
-0.007596 152.928488 1.987245e+02 2
-0.021983 171.225147 1.309904e+02 2
-0.015746 169.712616 2.004769e+02 2
-0.019081 181.545860 1.754181e+02 2
-0.005126 163.194551 2.367054e+02 2
-0.014383 189.055182 1.178638e+02 2
-0.010627 166.764462 8.495973e+01 2
-0.012327 197.911509 1.650196e+02 2
-0.009925 148.648627 1.601105e+02 2
-0.007792 139.117316 1.607890e+02 2
-0.041565 164.294204 4.771235e+01 2
-0.031703 157.792148 7.695265e+01 2
0.005358 139.092589 1.082686e+02 2
-0.030582 185.475341 9.585987e+01 2
-0.011092 154.469228 1.769100e+02 2
-0.015047 169.841577 1.762080e+02 2
-0.013510 170.874121 1.645160e+02 2
-0.023077 191.197359 1.525736e+02 2
-0.002976 144.068659 2.008999e+02 2
-0.011780 167.002414 1.686680e+02 2
-0.020192 163.900701 1.489603e+02 2
-0.013565 172.512973 1.860494e+02 2
-0.037227 184.006547 1.541317e+02 2
-0.032239 179.947350 1.634831e+02 2
0.026599 152.427990 8.013291e+01 2
-0.036860 179.832314 1.720393e+02 2
-0.004108 164.313789 1.667999e+02 2
-0.029517 183.616396 1.287593e+02 2
-0.028370 169.083908 1.326343e+02 2
-0.016854 171.722466 2.340954e+02 2
-0.033778 183.979588 1.315284e+02 2
-0.007661 153.726481 8.917923e+01 2
0.010807 134.524721 9.923323e+01 2
-0.013002 177.450896 1.254728e+02 2
-0.005840 151.342260 1.584616e+02 2
-0.014666 179.443243 1.705583e+02 2
-0.037224 178.116967 1.062434e+02 2
-0.034842 184.538319 1.235828e+02 2
-0.008970 159.585622 1.122550e+02 2
-0.043949 166.363285 8.589460e+01 2
-0.018377 156.284143 1.210475e+02 2
-0.009471 168.536185 1.985856e+02 2
-0.033782 174.368121 1.493586e+02 2
-0.039831 203.496202 1.477169e+02 2
-0.014126 163.627714 1.817791e+02 2
-0.018064 166.509120 1.358984e+02 2
-0.038128 186.992660 9.987584e+01 2
-0.025638 180.253672 1.506559e+02 2
-0.027321 181.002431 9.625909e+01 2
-0.018646 153.534104 1.573691e+02 2
-0.021023 158.076789 1.368219e+02 2
-0.006089 147.353623 7.712827e+01 2
-0.012474 160.825132 1.401374e+02 2
-0.025725 161.063100 1.261190e+02 2
-0.025006 179.021654 1.484352e+02 2
-0.020330 189.368479 1.908216e+02 2
-0.028165 154.731466 1.492737e+02 2
-0.022769 166.513192 1.558174e+02 2
-0.004255 145.145060 1.396946e+02 2
-0.017665 159.343653 8.830108e+01 2
-0.042235 184.169932 1.013975e+02 2
-0.037316 180.400337 1.285685e+02 2
-0.004651 158.937006 1.421906e+02 2
-0.021232 158.942731 1.435330e+02 2
-0.029432 178.069686 1.238896e+02 2
-0.019312 158.410703 1.605301e+02 2
-0.025654 180.027779 1.593985e+02 2
-0.012264 146.344135 1.326252e+02 2
-0.049112 172.595428 5.487800e+01 2
-0.036289 188.066494 1.140916e+02 2
0.000750 142.280088 1.858918e+02 2
-0.004548 153.000936 1.977154e+02 2
-0.023433 177.091239 1.788906e+02 2
-0.048192 190.316474 1.103217e+02 2
-0.039505 188.609715 1.410470e+02 2
-0.023975 168.174576 1.352537e+02 2
-0.005829 171.341377 1.578941e+02 2
-0.010902 158.039045 1.191873e+02 2
0.004147 153.100036 1.281924e+02 2
-0.035496 183.492413 1.439468e+02 2
-0.039972 194.687682 1.317372e+02 2
0.006566 131.845840 4.805244e+01 2
-0.015134 180.922567 2.044440e+02 2
-0.038077 190.426547 1.106504e+02 2
-0.023629 174.347585 2.080232e+02 2
-0.037551 187.545926 1.239734e+02 2
-0.036558 178.935080 1.252307e+02 2
-0.010814 159.525419 1.501413e+02 2
-0.046035 170.739618 7.539460e+01 2
-0.007869 187.425299 1.034907e+02 2
-0.027312 168.255972 1.553582e+02 2
-0.037477 203.764294 1.570480e+02 2
-0.015330 167.001664 1.748050e+02 2
-0.006028 158.805585 1.399233e+02 2
-0.011233 166.789923 1.302265e+02 2
-0.002974 134.258635 1.522425e+02 2
-0.007912 158.852263 1.258155e+02 2
-0.041859 191.824000 1.557147e+02 2
-0.029762 174.356167 1.702939e+02 2
-0.010565 144.637179 1.330101e+02 2
-0.027385 186.498450 1.451240e+02 2
-0.008840 169.224342 2.346141e+02 2
-0.018603 168.670881 1.944786e+02 2
-0.034290 206.176364 1.423451e+02 2
-0.028851 189.958639 1.396763e+02 2
-0.015383 182.262077 1.404227e+02 2
-0.013921 185.931878 6.375026e+01 2
-0.010548 175.257715 1.718914e+02 2
-0.006125 158.922590 1.728091e+02 2
-0.009215 168.832310 1.108179e+02 2
-0.010966 133.139259 1.257784e+02 2
-0.014236 158.733849 1.743705e+02 2
0.004105 131.724590 1.357049e+02 2
-0.012234 171.199012 1.365800e+02 2
-0.012750 161.890396 1.066754e+02 2
-0.023832 180.225263 1.978819e+02 2
-0.010242 152.536242 1.037406e+02 2
-0.045136 191.450775 9.213485e+01 2
-0.004198 152.603795 1.108659e+02 2
-0.010485 178.409722 1.963123e+02 2
-0.003772 155.930754 2.219289e+02 2
-0.007034 165.308336 2.231413e+02 2
-0.015732 186.492140 1.539283e+02 2
-0.020808 199.249575 1.669154e+02 2
-0.014818 175.156177 1.320546e+02 2
-0.016072 188.414952 1.424812e+02 2
-0.004181 153.957376 1.633989e+02 2
-0.020690 163.870951 1.558471e+02 2
-0.008882 177.579838 1.877701e+02 2
-0.013857 159.384731 1.397086e+02 2
-0.004094 158.343217 3.744085e+02 2
0.008031 169.859975 1.537692e+02 2
-0.005872 162.336899 1.822375e+02 2
-0.020478 181.498506 1.783467e+02 2
-0.012920 181.910157 2.361137e+02 2
-0.033372 163.389445 1.458014e+02 2
-0.003653 105.041569 2.632487e+01 2
-0.010163 194.557230 2.211352e+02 2
-0.019528 189.934475 1.533232e+02 2
-0.022215 195.436553 1.982685e+02 2
-0.014433 181.961318 1.562394e+02 2
0.001617 145.843192 1.370480e+02 2
-0.012876 158.564761 8.860183e+01 2
-0.001809 150.206360 2.205418e+02 2
-0.017304 187.586141 1.749354e+02 2
-0.025417 199.393247 1.568229e+02 2
-0.021516 154.142591 1.007475e+02 2
-0.028698 181.843005 1.090102e+02 2
-0.035063 179.714341 1.359923e+02 2
-0.007040 159.559094 1.560732e+02 2
-0.012818 154.998169 7.506760e+01 2
-0.019964 205.552409 1.425637e+02 2
-0.034799 187.349611 1.472121e+02 2
-0.031270 168.076371 9.244198e+01 2
-0.020656 184.867235 1.716076e+02 2
-0.022489 195.620100 1.056605e+02 2
-0.008313 175.266323 1.072697e+02 2
-0.009915 166.436421 2.268472e+02 2
-0.022026 163.324420 1.442281e+02 2
-0.008264 159.303571 1.843927e+02 2
-0.025508 166.013283 1.132631e+02 2
-0.011714 172.838866 1.583405e+02 2
-0.003794 176.048288 1.730323e+02 2
-0.019834 177.087369 1.615941e+02 2
-0.013022 173.924661 1.740391e+02 2
-0.017421 172.702805 2.042551e+02 2
-0.016953 170.156858 1.372160e+02 2
-0.027362 158.624765 7.063506e+01 2
-0.005450 184.742762 1.835129e+02 2
-0.019028 178.540430 1.077292e+02 2
-0.025386 182.177504 1.280074e+02 2
-0.057069 204.278873 1.161952e+02 2
-0.001798 126.588490 7.279115e+01 2
-0.033417 178.138887 1.368656e+02 2
-0.038668 175.445467 9.335333e+01 2
-0.012555 173.321621 1.230890e+02 2
-0.010375 167.073360 1.293114e+02 2
-0.022139 170.251526 1.465545e+02 2
-0.017902 187.316104 1.571778e+02 2
-0.019448 169.465869 2.093279e+02 2
-0.008981 161.615273 1.040811e+02 2
-0.012253 169.566129 1.219750e+02 2
-0.032642 198.494869 1.426947e+02 2
-0.012905 165.490807 8.832949e+01 2
-0.011660 168.077279 1.820262e+02 2
-0.015184 184.928370 1.060358e+02 2
-0.016707 177.510792 1.401701e+02 2
-0.022553 156.923402 1.275509e+02 2
-0.033213 183.714156 1.324513e+02 2
0.030379 168.639891 1.186778e+02 2
-0.028541 166.410880 1.485704e+02 2
-0.003541 148.631942 1.270290e+02 2
-0.026511 176.244262 1.957708e+02 2
-0.018327 163.789473 1.362704e+02 2
-0.034856 159.668472 8.650306e+01 2
-0.011480 145.187747 1.317292e+02 2
-0.013617 158.043442 1.720353e+02 2
-0.002048 165.326483 1.666348e+02 2
0.024943 184.105114 5.504814e+01 2
-0.014215 152.008888 1.053943e+02 2
-0.042434 183.066965 1.179384e+02 2
-0.013487 155.895462 9.974366e+01 2
-0.009013 162.114638 1.098875e+02 2
-0.001991 155.560190 1.402978e+02 2
-0.004332 150.448377 2.227330e+02 2
-0.036566 167.700895 1.279034e+02 2
-0.006200 169.568253 1.283246e+02 2
-0.000462 161.322408 6.323170e+01 2
-0.012842 167.939984 1.649708e+02 2
-0.007956 156.722187 1.431066e+02 2
-0.015637 153.911175 1.366209e+02 2
-0.008911 160.836261 1.573807e+02 2
0.021850 139.053282 1.093332e+02 2
-0.024222 180.293845 1.262553e+02 2
-0.023481 178.655249 1.121013e+02 2
-0.024667 155.844240 1.182441e+02 2
-0.020291 176.091616 1.611008e+02 2
-0.013837 173.579887 1.297879e+02 2
-0.007817 158.517277 1.845635e+02 2
-0.014417 167.553307 1.954117e+02 2
-0.041670 170.696682 8.856193e+01 2
0.016037 131.054983 1.113022e+02 2
-0.017181 171.542461 8.143280e+01 2
-0.004669 173.876716 1.755086e+02 2
-0.014775 197.713579 1.333302e+02 2
-0.019480 163.676848 1.683276e+02 2
-0.030890 171.983594 1.483818e+02 2
0.022731 143.220616 1.092120e+02 2
-0.000317 143.636438 1.028983e+02 2
-0.012778 145.996421 9.484025e+01 2
-0.005394 167.623108 2.457211e+02 2
-0.010187 184.515571 1.539045e+02 2
-0.023341 195.719538 1.826806e+02 2
-0.007745 168.751494 9.755994e+01 2
-0.017196 190.864229 1.911371e+02 2
-0.008976 176.248827 1.077643e+02 2
-0.019181 153.837893 1.782495e+02 2
-0.010591 168.264653 1.861636e+02 2
-0.024407 166.768286 1.710239e+02 2
-0.008556 153.283406 1.650529e+02 2
-0.007199 172.508486 1.965717e+02 2
-0.004183 156.117783 1.937989e+02 2
-0.002838 165.670155 1.343839e+02 2
-0.012172 152.699596 1.249383e+02 2
-0.031338 188.387229 1.242420e+02 2
-0.042347 215.262207 1.734189e+02 2
-0.036486 184.082837 1.371294e+02 2
-0.035455 191.167114 1.159490e+02 2
-0.007241 157.349876 1.075337e+02 2
-0.016942 179.408674 1.603152e+02 2
-0.020271 166.769490 1.428289e+02 2
-0.023563 180.068746 1.699838e+02 2
-0.014339 172.433639 1.488889e+02 2
-0.005477 168.877500 1.602872e+02 2
-0.006099 166.187858 1.309949e+02 2
-0.016864 173.412295 2.070057e+02 2
-0.007281 143.023722 1.030368e+02 2
-0.013880 162.701785 1.366985e+02 2
-0.021199 185.891296 2.240078e+02 2
-0.006880 149.579555 1.388460e+02 2
-0.021535 184.006088 1.732645e+02 2
-0.002235 163.874083 1.191209e+02 2
-0.041987 195.546307 1.320069e+02 2
-0.053057 146.574883 4.412080e+01 2
-0.014383 183.362485 1.614026e+02 2
-0.028948 169.718136 1.666585e+02 2
-0.030368 195.460616 1.758245e+02 2
-0.000044 153.228295 1.698092e+02 2
-0.024665 178.593953 1.707724e+02 2
0.007158 153.384360 9.809403e+01 2
-0.024350 168.999837 9.070197e+01 2
-0.013730 164.641025 1.734477e+02 2
-0.009219 171.464107 1.620704e+02 2
0.034433 152.370445 3.112443e+02 2
-0.015069 171.766715 1.068674e+02 2
-0.014208 159.481678 1.571516e+02 2
-0.018479 174.669997 1.731370e+02 2
-0.023123 158.027962 1.546453e+02 2
-0.000483 156.965322 2.871576e+02 2
-0.042133 184.928508 8.969927e+01 2
-0.042475 174.870757 1.036302e+02 2
-0.023685 155.133094 1.351129e+02 2
-0.021460 179.566595 1.287215e+02 2
-0.025263 174.344154 1.495774e+02 2
-0.035770 182.056360 1.499265e+02 2
-0.016750 143.087155 1.243349e+02 2
-0.021240 163.454156 1.795326e+02 2
-0.012599 165.936314 1.581854e+02 2
0.006585 146.211042 5.289810e+01 2
-0.008658 147.722212 1.395989e+02 2
-0.006069 163.314210 1.884531e+02 2
-0.015593 145.681733 9.703227e+01 2
-0.017377 189.286548 1.311771e+02 2
-0.036773 188.238226 9.974397e+01 2
-0.002837 134.513859 6.239953e+01 2
-0.023166 168.588445 9.988439e+01 2
0.015160 136.730442 2.899631e+02 2
-0.015224 173.746549 1.478961e+02 2
0.002061 162.964963 9.419473e+01 2
0.022929 148.281886 4.755660e+01 2
-0.019015 173.140362 1.451489e+02 2
-0.016231 189.830921 1.188166e+02 2
-0.028217 173.659666 1.508603e+02 2
-0.052963 193.422555 8.799113e+01 2
-0.057278 180.173925 6.848538e+01 2
-0.010682 148.575841 1.388453e+02 2
-0.022245 162.693927 1.078785e+02 2
-0.004288 155.449809 1.368943e+02 2
-0.014207 160.749428 1.254447e+02 2
-0.017069 174.327943 8.600218e+01 2
-0.009611 153.253939 1.703528e+02 2
-0.016223 172.335413 1.307042e+02 2
-0.029984 187.120272 1.947871e+02 2
0.006811 142.379056 1.336315e+02 2
-0.017435 169.692871 1.266563e+02 2
-0.006949 151.130521 1.564797e+02 2
-0.011688 150.137762 9.689368e+01 2
0.011587 146.374598 1.549779e+02 2
-0.019501 156.200988 1.690533e+02 2
-0.002613 152.814714 1.544115e+02 2
-0.017585 181.132430 1.241119e+02 2
-0.014360 167.588654 2.565168e+02 2
-0.021334 161.722783 1.259841e+02 2
-0.004334 141.377956 1.883138e+02 2
-0.034416 173.835205 1.509531e+02 2
-0.029193 183.276183 1.897055e+02 2
-0.026256 169.489533 1.411757e+02 2
-0.014728 152.205723 1.471973e+02 2
-0.062508 169.114778 7.232655e+01 2
-0.014114 159.097149 1.344020e+02 2
-0.011602 161.531449 1.106550e+02 2
0.006707 144.015753 1.371008e+02 2
-0.023929 168.693941 1.951982e+02 2
-0.007371 164.251018 1.318064e+02 2
-0.007518 168.037540 1.847185e+02 2
-0.033609 171.773856 1.229762e+02 2
0.003689 162.091562 1.547964e+02 2
-0.013861 170.357347 1.946482e+02 2
-0.013325 166.749754 2.260685e+02 2
-0.012908 155.754886 7.848555e+01 2
-0.012061 167.259957 1.456212e+02 2
-0.012521 158.248610 1.389864e+02 2
-0.040427 172.417282 9.475421e+01 2
-0.023111 173.324333 1.330451e+02 2
-0.068886 186.036588 9.411713e+01 2
-0.011432 164.884133 1.889791e+02 2
-0.009138 160.031039 1.743863e+02 2
-0.013399 165.209457 1.074634e+02 2
-0.015667 158.061486 2.074726e+02 2
-0.025904 175.773709 9.121128e+01 2
-0.035679 177.795384 1.368464e+02 2
-0.024964 159.570933 1.836444e+02 2
-0.007818 149.823354 2.613648e+02 2
-0.002810 161.283334 1.880397e+02 2
-0.021050 170.445165 2.134863e+02 2
-0.049094 179.211092 9.734175e+01 2
-0.018795 179.060732 1.506151e+02 2
-0.013205 172.550401 1.446219e+02 2
-0.021415 169.656141 1.328363e+02 2
-0.031683 172.783259 1.090088e+02 2
0.000473 177.139552 3.953756e+01 2
-0.012817 168.846970 2.188090e+02 2
-0.025563 191.732141 1.639674e+02 2
-0.008404 167.301911 1.720102e+02 2
-0.028079 179.189961 1.364285e+02 2
-0.009703 141.670311 1.439854e+02 2
-0.018954 168.273937 1.236807e+02 2
0.022801 143.246294 1.466184e+02 2
-0.022868 166.259636 5.003596e+01 2
-0.017678 163.464151 1.234056e+02 2
-0.013354 181.528463 1.384432e+02 2
-0.009442 164.337038 1.741390e+02 2
-0.010724 164.279878 2.260576e+02 2
-0.025920 165.070658 1.685186e+02 2
-0.005615 158.667173 1.157475e+02 2
-0.011488 168.053562 1.828713e+02 2
-0.026924 200.925809 1.168917e+02 2
-0.008080 177.493712 1.224647e+02 2
-0.011606 175.348146 2.113077e+02 2
-0.017983 172.110075 1.604893e+02 2
-0.011280 159.112472 1.742610e+02 2
-0.018765 193.894123 6.186361e+01 2
-0.010524 147.806556 2.037985e+02 2
-0.015031 156.951933 1.589893e+02 2
-0.024339 154.415018 5.553954e+01 2
-0.013178 175.197233 1.847386e+02 2
-0.027417 184.289761 1.844181e+02 2
-0.048111 195.090875 1.562207e+02 2
0.008601 121.349485 9.091732e+01 2
-0.001248 164.365796 1.162564e+02 2
-0.016230 163.716703 1.906759e+02 2
0.007220 122.890322 8.881853e+01 2
-0.009730 154.158169 8.951093e+01 2
-0.026074 177.077944 1.869751e+02 2
-0.003049 156.963032 2.138572e+02 2
-0.014626 178.149882 1.985967e+02 2
-0.048284 205.823095 1.407944e+02 2
-0.007664 160.813022 1.802018e+02 2
-0.041718 165.294304 7.938462e+01 2
-0.018395 162.286144 2.161250e+02 2
-0.009519 149.860482 8.480902e+01 2
-0.007138 139.850719 1.209898e+02 2
-0.001382 164.113319 1.343319e+02 2
-0.047070 191.889705 1.583108e+02 2
-0.020723 170.577378 1.307328e+02 2
-0.031864 179.328102 1.204608e+02 2
-0.007501 149.898759 1.322384e+02 2
-0.013780 174.118504 2.265148e+02 2
-0.006810 176.843860 1.595084e+02 2
-0.031125 189.621259 1.264786e+02 2
-0.000023 156.466676 1.738280e+02 2
-0.024049 172.455491 1.801959e+02 2
-0.008420 155.792093 1.777029e+02 2
-0.018164 153.368947 6.955123e+01 2
-0.008151 168.524560 1.602465e+02 2
-0.037079 166.625795 1.106817e+02 2
-0.009786 149.981766 1.617299e+02 2
-0.001447 147.842594 1.166443e+02 2
-0.027975 197.465101 1.913893e+02 2
-0.008062 157.035419 1.690280e+02 2
-0.038284 198.924071 1.382967e+02 2
-0.017443 170.003022 1.172488e+02 2
-0.038196 181.625019 1.198658e+02 2
-0.008226 153.087443 1.293390e+02 2
-0.010349 183.097784 2.538708e+02 2
-0.006161 156.618354 1.718603e+02 2
-0.019440 166.357345 2.127687e+02 2
-0.002123 167.173296 1.891217e+02 2
-0.015241 169.660696 1.726824e+02 2
-0.016604 171.409195 1.794712e+02 2
-0.029776 182.405352 1.141398e+02 2
0.002883 163.523293 1.784803e+02 2
-0.015581 165.006850 1.588831e+02 2
-0.019381 171.557131 1.821926e+02 2
0.002107 171.017225 6.557424e+01 2
-0.009409 161.443416 1.636409e+02 2
0.003001 127.813057 9.476739e+01 2
-0.019722 180.962372 1.729944e+02 2
0.003290 168.856689 1.000043e+02 2
-0.017118 166.139345 1.725245e+02 2
-0.006104 157.887854 1.713113e+02 2
-0.019238 164.575862 1.765745e+02 2
-0.017820 172.307791 1.739445e+02 2
-0.023760 166.730193 1.304373e+02 2
-0.004630 160.036577 1.324574e+02 2
-0.036473 181.507475 1.567691e+02 2
-0.011122 156.625384 2.287575e+02 2
-0.027317 170.754766 1.802217e+02 2
-0.011054 150.778275 1.302424e+02 2
-0.024373 187.091096 1.330843e+02 2
-0.033565 168.278355 1.716150e+02 2
-0.015865 165.396041 1.849611e+02 2
0.043369 123.258759 7.792799e+01 2
-0.025773 174.252524 1.528101e+02 2
-0.001244 182.579410 1.239123e+02 2
-0.010329 174.414885 8.188991e+01 2
-0.022690 180.995610 1.786065e+02 2
-0.008229 159.018575 1.587283e+02 2
-0.027724 176.352645 8.548597e+01 2
-0.025686 159.605874 1.111263e+02 2
-0.010862 138.871955 1.647071e+02 2
-0.030551 172.989487 1.675228e+02 2
-0.008456 163.835460 1.105091e+02 2
-0.032724 184.186564 1.423283e+02 2
-0.016716 164.764097 2.078477e+02 2
-0.042975 173.306264 1.276664e+02 2
-0.013597 161.965687 1.619830e+02 2
-0.024972 190.770531 1.516509e+02 2
-0.003619 189.324781 1.796435e+02 2
-0.007008 162.318666 1.805519e+02 2
-0.001073 141.776144 1.899285e+02 2
-0.020898 164.414552 1.301510e+02 2
-0.019489 152.223089 1.593398e+02 2
-0.000491 154.339729 1.306632e+02 2
-0.018386 153.186188 1.383720e+02 2
-0.017540 160.556730 1.209143e+02 2
-0.032499 195.340720 1.147576e+02 2
-0.009076 153.800265 1.044794e+02 2
-0.030655 168.868000 1.037908e+02 2
-0.011321 159.243513 1.698838e+02 2
-0.010657 171.398886 1.810613e+02 2
-0.000679 130.615515 1.464404e+02 2
-0.019615 168.408183 1.636089e+02 2
-0.023590 171.457200 1.687037e+02 2
-0.034020 166.014597 1.156184e+02 2
-0.010095 169.431731 2.029614e+02 2
-0.032212 172.807214 9.814055e+01 2
-0.021241 166.616637 1.645378e+02 2
-0.019334 168.282255 1.368233e+02 2
-0.008889 180.646325 1.508799e+02 2
-0.017918 169.916604 1.529231e+02 2
-0.021013 170.739205 1.454186e+02 2
-0.017501 189.633274 6.423019e+01 2
-0.015528 157.139773 1.136499e+02 2
-0.023061 158.474970 1.594832e+02 2
-0.015900 164.565111 2.173295e+02 2
-0.021973 150.363234 1.351443e+02 2
-0.023852 152.696234 1.036923e+02 2
-0.035053 157.554969 7.515139e+01 2
-0.026471 180.430416 1.567632e+02 2
-0.011256 120.623233 4.719004e+02 2
-0.023462 179.647491 1.535897e+02 2
0.041598 154.601790 1.014065e+02 2
-0.018696 160.314499 1.695702e+02 2
-0.039837 185.976463 1.571763e+02 2
-0.007959 163.600676 1.588727e+02 2
-0.001313 151.605192 1.582068e+02 2
-0.027698 178.660314 1.500955e+02 2
-0.037381 201.321418 9.822652e+01 2
0.007144 158.474933 1.293423e+02 2
-0.019328 184.004369 1.022062e+02 2
-0.000819 155.986985 1.093418e+02 2
-0.028875 155.085470 1.323107e+02 2
-0.005268 162.923942 1.087694e+02 2
-0.018290 169.930963 1.645925e+02 2
-0.022405 183.375312 6.479662e+01 2
-0.028274 183.153193 1.717445e+02 2
-0.005249 153.728050 1.222628e+02 2
-0.024915 196.077864 1.183451e+02 2
-0.005933 134.060644 1.414706e+02 2
-0.010689 159.630328 1.249072e+02 2
-0.010950 183.972268 1.199442e+02 2
-0.010520 174.010742 1.985089e+02 2
-0.026450 173.289818 1.131926e+02 2
-0.024037 184.087684 1.196669e+02 2
-0.048442 204.631198 1.317963e+02 2
-0.036896 178.886429 1.086369e+02 2
-0.006688 154.141236 6.202071e+01 2
-0.004149 174.151044 1.117792e+02 2
-0.011705 182.315355 2.067068e+02 2
-0.026998 177.781113 6.634214e+01 2
-0.017740 155.606307 1.269006e+02 2
-0.007267 179.011951 1.067316e+02 2
-0.000048 149.942128 1.406581e+02 2
-0.000615 152.005016 1.164333e+02 2
-0.014105 168.838938 1.557030e+02 2
-0.011506 168.878251 1.875492e+02 2
-0.031657 173.217718 9.699767e+01 2
-0.023701 158.659919 8.757096e+01 2
-0.025320 188.430014 1.785529e+02 2
-0.049740 193.052312 1.103747e+02 2
-0.028052 197.730479 1.417464e+02 2
-0.006719 185.721809 1.251872e+02 2
-0.021561 174.164369 1.168390e+02 2
-0.027126 178.684118 1.604860e+02 2
-0.035488 182.486963 1.028401e+02 2
-0.010337 171.854582 9.954364e+01 2
-0.026867 174.392996 8.987710e+01 2
-0.007788 169.318769 1.811567e+02 2
-0.021511 153.480855 1.218368e+02 2
-0.001637 144.645220 1.543902e+02 2
-0.022076 164.060110 1.140613e+02 2
-0.013644 173.023461 1.603252e+02 2
-0.022893 144.959234 8.582815e+01 2
-0.041338 178.075770 5.812367e+01 2
-0.020398 171.025386 1.569016e+02 2
-0.018714 182.069474 1.804231e+02 2
-0.011943 165.942888 1.582965e+02 2
-0.034756 178.447392 1.115802e+02 2
-0.011500 153.516259 1.122019e+02 2
-0.140044 214.161031 1.207064e+02 2
-0.008096 170.732014 1.670694e+02 2
-0.025707 168.575339 5.208942e+01 2
0.038527 138.182534 1.205086e+02 2
-0.028971 189.355432 1.464913e+02 2
-0.009978 169.610379 1.631714e+02 2
-0.015533 171.220980 1.272991e+02 2
-0.007691 182.109237 1.055245e+02 2
0.008840 153.447532 1.105288e+02 2
-0.033866 198.810886 1.717780e+02 2
-0.028864 163.830163 1.008268e+02 2
-0.024070 159.871852 1.473251e+02 2
-0.025591 180.552413 9.285312e+01 2
-0.013859 167.634716 1.223487e+02 2
-0.024612 193.234027 1.169062e+02 2
-0.011774 155.962863 1.042759e+02 2
-0.058682 202.749466 1.154958e+02 2
0.007161 132.830858 1.703771e+02 2
-0.012599 176.054549 1.579491e+02 2
-0.038753 159.312178 1.016009e+02 2
-0.029631 193.357037 1.690531e+02 2
-0.001171 165.837836 1.077143e+02 2
-0.013457 163.762145 9.311679e+01 2
-0.008896 182.533597 1.648123e+02 2
-0.008229 175.786376 1.545983e+02 2
0.012777 122.206868 1.514057e+02 2
-0.009816 156.453486 1.988599e+02 2
-0.008308 175.647704 1.025459e+02 2
0.002064 144.455419 1.126081e+02 2
-0.038980 183.364102 1.177123e+02 2
-0.015938 170.905132 1.294901e+02 2
-0.025826 206.985550 1.443275e+02 2
-0.029695 214.255985 1.253913e+02 2
-0.006668 176.865087 6.300131e+01 2
-0.043109 180.476157 1.315762e+02 2
-0.009643 179.727076 1.217170e+02 2
-0.012056 149.925253 1.581626e+02 2
-0.012074 176.697576 1.304489e+02 2
-0.032399 161.906939 1.097420e+02 2
-0.016801 177.983478 1.735996e+02 2
-0.005623 170.648344 1.140830e+02 2
0.000387 162.445450 1.587147e+02 2
-0.008370 168.629230 1.609988e+02 2
-0.010586 169.729293 1.153123e+02 2
-0.032039 195.561066 1.284539e+02 2
-0.013888 137.536718 1.034698e+02 2
-0.017581 186.933180 1.996910e+02 2
-0.001680 142.060298 1.324266e+02 2
-0.012912 178.236732 1.591479e+02 2
-0.034629 170.695325 1.030033e+02 2
-0.012691 163.073722 1.788043e+02 2
-0.024315 154.495652 1.370447e+02 2
-0.016107 173.249041 1.140667e+02 2
-0.038880 195.397044 1.221272e+02 2
-0.009052 160.731300 1.429999e+02 2
-0.015428 161.793964 1.651307e+02 2
-0.032940 183.412848 1.655243e+02 2
-0.007759 154.998378 7.190256e+01 2
-0.013799 169.269431 1.132898e+02 2
-0.001485 146.105109 3.661791e+02 2
0.003676 153.060140 1.504793e+02 2
-0.046235 209.385489 1.049727e+02 2
-0.007024 181.128648 1.824197e+02 2
-0.011263 179.097040 1.591665e+02 2
0.003131 171.071334 1.603068e+02 2
-0.025074 177.059707 1.221104e+02 2
-0.040081 201.460286 1.389574e+02 2
0.023698 148.259673 1.257506e+02 2
0.002378 174.175803 1.683975e+02 2
-0.022267 186.084253 1.433526e+02 2
-0.024784 143.375071 1.139702e+02 2
-0.036980 196.727870 1.193157e+02 2
-0.017971 176.839303 1.075426e+02 2
0.013177 175.672840 7.603599e+01 2
-0.043120 179.904397 6.571918e+01 2
-0.021483 192.839021 1.626591e+02 2
-0.026692 190.251722 1.351682e+02 2
-0.016573 165.122875 1.575859e+02 2
-0.025627 187.350768 8.091092e+01 2
-0.009895 155.511840 1.195215e+02 2
-0.016491 194.532785 1.228887e+02 2
-0.012176 177.775470 1.154841e+02 2
-0.011254 187.381915 1.334724e+02 2
-0.022830 195.891853 9.043142e+01 2
-0.008834 161.449956 1.538257e+02 2
0.003168 151.162171 1.396904e+02 2
-0.008176 174.132046 1.649254e+02 2
-0.009713 172.322737 1.269211e+02 2
-0.033261 177.832666 1.375319e+02 2
-0.029519 180.479977 1.346662e+02 2
-0.028889 162.581116 1.130847e+02 2
-0.031066 193.589187 1.428931e+02 2
-0.012645 172.608287 1.614724e+02 2
0.000950 161.424303 1.201616e+02 2
-0.011527 162.237459 8.328084e+01 2
-0.012938 186.967233 1.305631e+02 2
-0.012810 163.504326 9.884283e+01 2
-0.014692 187.404446 1.378391e+02 2
-0.010424 177.373932 1.280115e+02 2
-0.014059 158.428022 1.648233e+02 2
-0.024453 166.251404 1.692689e+02 2
-0.020075 171.125676 1.293805e+02 2
-0.027404 168.952273 1.432585e+02 2
-0.014945 163.608981 1.692722e+02 2
-0.003033 155.342665 1.752447e+02 2
0.029509 144.223738 3.446269e+02 2
-0.030700 179.502971 1.194874e+02 2
-0.019913 168.840273 1.682072e+02 2
-0.028282 171.811356 1.461973e+02 2
-0.027299 191.468284 1.081029e+02 2
-0.029238 181.874277 1.075817e+02 2
-0.036832 186.546866 1.436187e+02 2
-0.010720 170.642443 1.259353e+02 2
-0.016500 169.772077 1.550441e+02 2
-0.041364 196.095809 9.910059e+01 2
-0.010430 150.975002 1.332318e+02 2
-0.032625 183.386608 9.782408e+01 2
-0.009712 165.138897 5.976033e+01 2
-0.025640 174.514561 1.227598e+02 2
-0.010103 155.499242 8.852466e+01 2
-0.039857 184.469473 8.038015e+01 2
-0.008596 161.600958 1.329311e+02 2
-0.006257 175.198575 1.736288e+02 2
-0.029345 182.263338 1.531802e+02 2
-0.008696 174.102400 1.326873e+02 2
-0.006712 179.062774 1.852113e+02 2
-0.002204 157.779057 7.818078e+01 2
-0.018571 182.249497 1.188370e+02 2
-0.021853 184.147855 1.403910e+02 2
-0.045381 177.401555 8.946559e+01 2
-0.020652 183.739529 1.232170e+02 2
-0.001015 162.558166 1.216911e+02 2
-0.009529 184.925167 1.248914e+02 2
-0.001087 159.641504 1.815371e+02 2
-0.018381 180.966123 1.320813e+02 2
-0.033425 194.578248 1.541021e+02 2
-0.014245 187.610114 1.560104e+02 2
-0.036200 174.769516 1.346318e+02 2
-0.008141 132.712880 1.027813e+02 2
-0.008062 189.293863 1.499746e+02 2
-0.032545 203.297780 1.112530e+02 2
-0.006155 155.357042 7.388053e+01 2
-0.021097 145.105144 4.928087e+01 2
-0.011775 175.457646 1.638893e+02 2
-0.011036 193.326026 1.501239e+02 2
-0.022526 159.601539 1.316603e+02 2
-0.047608 158.210791 5.993714e+01 2
-0.022164 159.407659 1.453078e+02 2
-0.050100 178.414298 1.104673e+02 2
-0.063851 187.707148 7.338839e+01 2
-0.000280 166.285751 1.650858e+02 2
0.003235 173.760521 1.232539e+02 2
-0.024301 184.898386 1.122653e+02 2
-0.011587 156.711605 7.516894e+01 2
-0.009728 176.796548 1.399853e+02 2
-0.013321 181.573310 1.222655e+02 2
-0.005090 157.604817 8.554396e+01 2
-0.020398 169.228785 1.235452e+02 2
-0.012752 159.554653 1.782603e+02 2
-0.010541 146.756051 1.326455e+02 2
-0.014660 156.813438 1.750829e+02 2
-0.025517 167.154705 1.165725e+02 2
-0.014562 164.444679 1.403317e+02 2
-0.016253 177.604792 1.771822e+02 2
-0.009022 156.148259 1.167772e+02 2
-0.016079 159.358808 1.698261e+02 2
-0.027719 171.925145 1.025482e+02 2
-0.001474 166.286153 1.257000e+02 2
-0.008856 161.910475 9.370586e+01 2
-0.025957 183.993592 1.274909e+02 2
-0.012185 173.011223 1.821617e+02 2
-0.022794 177.755860 1.767276e+02 2
-0.014717 173.054929 1.603956e+02 2
-0.022071 163.364954 1.255846e+02 2
-0.011988 187.496005 1.956248e+02 2
-0.015116 166.409727 1.218756e+02 2
-0.013973 148.893427 1.120652e+02 2
-0.017365 171.609630 1.502868e+02 2
-0.024016 187.380058 1.578378e+02 2
-0.017177 159.209921 1.017859e+02 2
-0.013696 173.035122 1.129664e+02 2
-0.008956 141.006486 9.190972e+01 2
-0.018661 186.928672 1.198731e+02 2
-0.025564 173.582774 1.198602e+02 2
-0.032479 178.655897 6.037429e+01 2
0.021506 136.416911 5.249148e+01 2
-0.040064 164.420603 1.061963e+02 2
-0.045533 164.817046 9.755719e+01 2
-0.032126 172.995665 1.210831e+02 2
-0.063094 162.344549 4.664830e+01 2
-0.025507 175.538063 1.026417e+02 2
-0.010345 156.420899 1.068699e+02 2
-0.018143 156.229495 9.951654e+01 2
-0.005570 156.981721 1.520875e+02 2
-0.030174 161.742849 8.466623e+01 2
0.007382 126.560433 9.697955e+01 2
-0.027340 183.473046 1.081066e+02 2
-0.027566 178.619768 9.560660e+01 2
-0.008470 176.786169 1.357164e+02 2
-0.009125 153.962141 9.331079e+01 2
-0.020932 190.005679 9.329463e+01 2
-0.016387 165.626744 1.358233e+02 2
-0.015537 168.876752 1.410054e+02 2
-0.006048 159.518353 1.259506e+02 2
-0.017617 181.679822 1.595375e+02 2
-0.022981 164.101971 1.140127e+02 2
-0.024093 167.747244 1.105148e+02 2
-0.014679 158.172330 1.285666e+02 2
-0.024921 163.875484 9.102384e+01 2
-0.037009 188.114624 1.045032e+02 2
-0.019449 178.343557 1.443710e+02 2
-0.033392 172.826290 1.004201e+02 2
-0.010188 172.574545 1.172113e+02 2
-0.018857 170.957583 1.593744e+02 2
-0.029837 183.405806 1.518674e+02 2
-0.035749 184.677549 1.141375e+02 2
-0.011435 157.129197 1.544516e+02 2
-0.033259 188.423034 1.538041e+02 2
-0.015437 185.613600 1.171262e+02 2
-0.009834 157.737863 9.565730e+01 2
-0.005619 142.134745 7.799716e+01 2
-0.027004 176.943890 1.317811e+02 2
-0.015428 182.886799 1.256950e+02 2
-0.014890 171.042538 1.269431e+02 2
-0.017231 156.207142 1.646040e+02 2
-0.023393 195.791581 1.651973e+02 2
-0.022173 178.931964 1.022403e+02 2
-0.017067 157.737446 1.290794e+02 2
-0.025949 179.201931 1.041169e+02 2
-0.010283 180.990374 1.698173e+02 2
-0.015387 147.443627 1.671333e+02 2
-0.050821 207.466005 1.174019e+02 2
-0.006265 147.210947 1.213783e+02 2
-0.042314 162.541349 7.896482e+01 2
-0.015008 160.348199 9.492688e+01 2
-0.032289 186.608368 1.268533e+02 2
-0.005686 162.681611 9.145909e+01 2
-0.031689 185.257112 7.979307e+01 2
-0.021626 179.172721 1.238874e+02 2
-0.031852 209.566316 1.144267e+02 2
-0.027126 188.373864 1.062467e+02 2
-0.042775 183.769898 1.002033e+02 2
-0.018177 180.248163 1.345330e+02 2
-0.035441 186.149915 1.044810e+02 2
-0.020791 185.009210 1.181448e+02 2
-0.028530 164.040525 1.132772e+02 2
-0.029466 167.598869 1.105722e+02 2
-0.036988 192.733564 1.552898e+02 2
-0.010756 169.422532 1.356988e+02 2
-0.018926 158.672132 1.597137e+02 2
-0.017352 154.584027 8.596107e+01 2
-0.019983 152.406039 1.621885e+02 2
-0.036107 181.353703 1.392443e+02 2
-0.036504 165.121601 8.195701e+01 2
-0.026629 172.183522 9.997329e+01 2
-0.013675 165.841398 1.368019e+02 2
-0.015006 180.401960 1.242368e+02 2
-0.027079 161.235627 1.182889e+02 2
-0.015218 168.192160 7.989271e+01 2
-0.007896 152.071781 1.208220e+02 2
-0.029107 193.690601 1.513795e+02 2
-0.015346 157.203075 7.647631e+01 2
-0.013460 155.214289 1.120501e+02 2
-0.028973 175.060161 1.233785e+02 2
-0.020468 157.266373 1.428669e+02 2
-0.043719 197.408206 1.055248e+02 2
-0.024219 179.547832 1.482911e+02 2
-0.012452 166.737323 1.546651e+02 2
-0.007367 161.846333 1.301697e+02 2
-0.043225 197.312522 9.177652e+01 2
-0.010181 160.287886 1.111104e+02 2
-0.019734 167.998918 1.253077e+02 2
-0.033189 179.902395 1.458599e+02 2
-0.010423 178.171396 1.160443e+02 2
-0.029216 166.505502 7.218228e+01 2
-0.007354 180.806083 1.084107e+02 2
-0.013826 175.803648 8.983709e+01 2
-0.027192 183.860996 1.071701e+02 2
-0.029881 185.087698 1.336524e+02 2
-0.029358 165.260981 9.513284e+01 2
-0.034033 166.811595 8.674913e+01 2
-0.043824 182.546651 1.007127e+02 2
-0.027721 167.156346 1.115115e+02 2
-0.025853 172.089434 1.436252e+02 2
-0.008046 152.170148 8.650481e+01 2
-0.005787 160.912103 1.536090e+02 2
-0.015112 163.558647 8.617073e+01 2
-0.012938 158.922246 1.376260e+02 2
-0.027796 180.368927 1.124389e+02 2
-0.016780 161.910891 1.190112e+02 2
-0.018201 158.652284 1.262765e+02 2
-0.026410 174.855507 1.391489e+02 2
-0.031310 183.588237 1.516848e+02 2
-0.021906 176.067596 9.672715e+01 2
-0.005665 160.905161 8.269594e+01 2
-0.007205 170.205281 1.071885e+02 2
-0.010685 176.280138 9.702921e+01 2
-0.001232 142.757254 9.360618e+01 2
-0.025912 195.973867 1.227652e+02 2
-0.027210 170.478845 1.139823e+02 2
-0.030199 198.860100 1.753892e+02 2
-0.031921 181.082107 1.350966e+02 2
-0.047422 201.216160 1.041982e+02 2
-0.022663 186.186520 1.379996e+02 2
-0.027802 183.158013 1.221398e+02 2
-0.036438 151.255235 5.290498e+01 2
-0.002318 138.205887 8.087494e+01 2
-0.003182 157.280075 1.332796e+02 2
-0.017373 168.548978 2.090898e+02 2
-0.003108 163.515838 9.428412e+01 2
-0.012091 135.596310 4.161316e+01 2
-0.009760 147.370299 1.279763e+02 2
-0.019370 167.200582 1.372643e+02 2
-0.022807 177.947461 1.355864e+02 2
0.002544 139.878981 1.464970e+02 2
-0.009259 149.707809 1.767039e+02 2
0.009947 144.567994 9.667895e+01 2
-0.013778 159.944630 1.047080e+02 2
-0.019980 166.898936 1.559850e+02 2
-0.023137 182.360947 1.472528e+02 2
-0.023695 160.216807 1.258510e+02 2
-0.041531 185.035342 1.203764e+02 2
-0.022908 180.030293 1.318190e+02 2
-0.001156 170.044625 9.847432e+01 2
-0.035095 175.672187 7.927155e+01 2
0.008795 128.191563 6.609506e+01 2
-0.010081 147.502522 1.256559e+02 2
-0.005896 168.205788 1.518477e+02 2
-0.037917 178.986990 1.059529e+02 2
-0.010716 166.281730 1.490043e+02 2
-0.047637 166.902171 8.373094e+01 2
-0.009252 170.449642 1.385475e+02 2
-0.034762 177.580012 1.027430e+02 2
-0.018769 179.647967 1.141804e+02 2
-0.035934 204.936659 9.487304e+01 2
-0.006761 169.071138 9.910409e+01 2
0.038226 140.484199 4.144318e+01 2
-0.017000 168.649567 1.039934e+02 2
0.011765 135.406032 6.798452e+01 2
-0.020088 172.125776 1.084484e+02 2
-0.013451 174.982116 1.398285e+02 2
-0.024881 178.790710 1.439752e+02 2
-0.026980 161.389650 1.092650e+02 2
-0.020431 159.331316 1.404389e+02 2
-0.025950 127.953261 5.543642e+01 2
-0.000125 149.318967 6.418080e+02 3
-0.007289 169.361921 1.618344e+02 3
-0.026765 160.773061 1.755138e+02 3
-0.013919 157.610536 1.829236e+02 3
-0.008686 139.292317 1.501029e+02 3
-0.013304 141.323243 1.882488e+02 3
-0.039859 161.807667 9.631796e+01 3
-0.024337 152.081733 1.413938e+02 3
-0.012986 133.352168 1.192916e+02 3
-0.016807 158.763355 1.782891e+02 3
-0.029290 166.049230 1.297716e+02 3
-0.015973 136.349683 1.266825e+02 3
-0.015788 141.878045 1.232777e+02 3
-0.005590 159.284909 1.839565e+02 3
-0.017381 149.589111 1.462502e+02 3
-0.020566 169.767897 1.907740e+02 3
-0.016641 151.759224 2.126689e+02 3
-0.022001 151.027940 1.771270e+02 3
-0.005969 159.690526 3.258987e+02 3
-0.011812 155.675815 2.487783e+02 3
-0.005497 138.065767 1.727685e+02 3
-0.011028 155.979562 2.593661e+02 3
-0.013696 143.098527 2.474795e+02 3
-0.015979 158.164385 2.407788e+02 3
-0.000939 149.670807 2.070093e+02 3
-0.018344 165.254448 2.017088e+02 3
-0.019057 155.597671 1.796522e+02 3
-0.012258 147.464228 1.685061e+02 3
-0.013826 145.981475 2.061838e+02 3
-0.011239 141.011067 2.222850e+02 3
-0.021515 177.610728 2.085131e+02 3
-0.006439 152.222361 1.663868e+02 3
-0.019204 142.037717 1.433501e+02 3
-0.023992 152.485649 1.599355e+02 3
-0.005222 164.349413 1.202727e+02 3
-0.012953 152.190898 2.006748e+02 3
-0.015123 159.793493 2.312633e+02 3
-0.012785 153.929114 2.138633e+02 3
-0.015874 157.759614 1.483268e+02 3
-0.016755 156.360905 1.797121e+02 3
-0.019944 152.914934 1.510577e+02 3
-0.019405 151.936670 1.518384e+02 3
-0.039016 169.141529 1.325373e+02 3
-0.003525 162.604869 1.945856e+02 3
-0.004348 162.908244 1.978034e+02 3
-0.010023 159.544697 1.629696e+02 3
-0.010621 153.778885 2.222409e+02 3
-0.019230 153.912695 1.426566e+02 3
-0.008330 142.189491 1.868534e+02 3
-0.013280 142.507036 1.574249e+02 3
-0.020295 160.814119 1.764375e+02 3
-0.009946 141.502393 1.992121e+02 3
-0.019682 165.808739 1.963492e+02 3
-0.006294 164.714106 2.968515e+02 3
-0.003601 166.309342 1.734763e+02 3
-0.004795 159.785991 2.136618e+02 3
-0.010357 142.755845 1.868793e+02 3
-0.041198 174.382480 1.288552e+02 3
-0.012082 149.402643 1.286809e+02 3
-0.018769 170.664250 1.495976e+02 3
-0.020245 152.277768 2.263434e+02 3
-0.015837 169.677262 1.660159e+02 3
-0.018166 161.817622 1.789284e+02 3
-0.012014 138.735680 1.512164e+02 3
-0.011963 148.818598 1.430225e+02 3
-0.015582 150.642129 1.894549e+02 3
-0.010761 149.903239 1.560629e+02 3
-0.005856 162.790052 1.242576e+02 3
-0.012991 155.049275 1.861657e+02 3
-0.019546 161.750330 1.780918e+02 3
-0.025730 170.660465 1.877196e+02 3
-0.011996 173.365810 1.819919e+02 3
-0.018915 165.401578 2.070782e+02 3
-0.009541 142.756677 2.065746e+02 3
-0.016317 140.285380 1.593425e+02 3
-0.006973 160.640581 1.776551e+02 3
-0.016517 158.175279 1.723044e+02 3
-0.019500 155.909066 2.106960e+02 3
-0.023350 173.098800 1.503042e+02 3
-0.018130 153.450617 2.303702e+02 3
-0.011125 139.388978 1.804498e+02 3
-0.017486 153.904387 2.272661e+02 3
-0.006788 139.300769 2.093126e+02 3
-0.006905 133.815479 2.006569e+02 3
-0.005108 135.387090 4.772044e+02 3
-0.013608 157.687459 2.201225e+02 3
-0.012564 162.799215 2.355631e+02 3
-0.022350 157.725951 1.939205e+02 3
-0.008213 157.615936 2.332735e+02 3
-0.007308 160.447916 2.206965e+02 3
-0.012745 149.243398 2.085404e+02 3
-0.014404 165.139852 2.751258e+02 3
-0.012671 153.604772 2.194294e+02 3
-0.012781 158.217988 2.666106e+02 3
-0.017361 167.283357 2.430852e+02 3
-0.014845 175.323524 2.612577e+02 3
-0.010451 150.633489 1.894658e+02 3
-0.015180 154.464969 1.821368e+02 3
0.024157 137.895057 1.592971e+02 3
-0.029886 164.156880 8.674106e+01 4
-0.019290 157.091068 1.420046e+02 4
-0.013997 161.282929 1.422353e+02 4
-0.007185 175.340862 1.230229e+02 4
-0.001624 165.814130 1.814857e+02 4
-0.014453 147.522589 1.644876e+02 4
-0.006995 135.363822 1.151793e+02 4
-0.012946 140.291230 1.921168e+02 4
-0.008514 141.568583 7.406274e+01 4
-0.012500 152.427372 1.763035e+02 4
-0.016626 174.011747 1.773007e+02 4
-0.019956 141.537153 1.580182e+02 4
-0.006503 146.257081 1.652879e+02 4
-0.010887 137.636192 1.196415e+02 4
-0.001960 149.197047 1.167649e+02 4
-0.007488 147.626083 1.668580e+02 4
-0.018374 139.371257 1.548272e+02 4
0.000009 136.821858 3.980745e+02 4
-0.022752 164.986639 1.656926e+02 4
-0.010596 154.357537 1.679089e+02 4
-0.010192 150.691559 1.969448e+02 4
-0.008798 152.634486 1.576938e+02 4
-0.008216 147.220294 1.255104e+02 4
-0.007764 144.964309 1.062800e+02 4
-0.005889 148.199220 1.108969e+02 4
-0.011071 136.429393 1.552100e+02 4
-0.010769 153.769150 1.829342e+02 4
-0.012243 135.421273 1.450981e+02 4
-0.012012 143.664020 1.276257e+02 4
-0.001225 132.890532 1.689256e+02 4
-0.007018 134.136734 1.258115e+02 4
-0.010436 142.926484 1.392827e+02 4
0.007640 150.768355 1.105142e+02 4
-0.014598 155.940361 1.122527e+02 4
-0.020408 155.602558 8.621911e+01 4
-0.008507 147.838927 1.237309e+02 4
-0.010081 153.365432 1.699254e+02 4
-0.012255 144.153165 1.482657e+02 4
-0.013254 151.052916 1.770017e+02 4
-0.025583 138.802838 1.243467e+02 4
-0.055909 141.952624 3.891306e+01 4
-0.004855 132.969216 1.600849e+02 4
-0.018491 137.990117 1.020742e+02 4
-0.025835 156.239708 1.035944e+02 4
-0.009203 144.154238 2.037001e+02 4
-0.014642 149.647557 1.341909e+02 4
-0.013239 138.685744 7.169507e+01 4
-0.018839 146.780552 1.275101e+02 4
-0.018106 142.020345 1.589850e+02 4
-0.010184 141.522844 1.682997e+02 4
-0.012924 140.046395 3.721432e+01 4
0.003011 126.268893 1.849532e+02 4
-0.017422 141.414738 1.259027e+02 4
-0.006104 132.107338 1.372473e+02 4
-0.007535 150.165368 7.273209e+01 4
-0.027583 154.189315 1.350194e+02 4
-0.010946 137.088499 1.559468e+02 4
-0.002013 132.657466 9.868636e+01 4
-0.006110 133.326721 1.779032e+02 4
0.047020 118.607052 6.516771e+01 4
0.002492 136.316176 1.436013e+02 4
-0.013816 145.446374 1.552288e+02 4
-0.034183 159.369909 1.125394e+02 4
-0.007520 145.051107 1.522497e+02 4
-0.007069 149.765513 1.551268e+02 4
-0.016260 150.341720 1.814633e+02 4
-0.017814 161.917626 1.424230e+02 4
-0.014406 159.931781 9.189164e+01 4
0.003071 119.561994 1.674608e+02 4
-0.006715 143.556036 1.326825e+02 4
-0.013097 149.503073 1.500777e+02 4
-0.003524 131.698653 1.240456e+02 4
-0.041377 149.046264 7.799746e+01 4
-0.014121 138.750153 1.085908e+02 4
-0.026273 146.832996 1.070868e+02 4
-0.007321 140.058102 1.504781e+02 4
-0.007802 138.492979 1.499080e+02 4
-0.001274 156.163297 1.180202e+02 4
-0.013949 155.800388 1.852282e+02 4
-0.019309 141.514279 1.476812e+02 4
-0.004170 124.412781 1.533466e+02 4
0.025283 123.836020 6.676120e+01 4
-0.014182 157.544384 1.962900e+02 4
0.025112 128.115365 8.880857e+01 4
-0.013365 140.628128 1.550329e+02 4
-0.016119 144.340286 1.042964e+02 4
-0.006546 142.327168 1.536504e+02 4
-0.003633 136.288897 9.554526e+01 4
-0.008175 142.478705 1.305130e+02 4
-0.015400 133.288803 1.214187e+02 4
-0.019144 145.992809 1.397392e+02 4
-0.008713 164.103069 1.248820e+02 4
-0.010632 139.284915 1.433177e+02 4
-0.002618 141.055823 1.360830e+02 4
-0.015869 151.841521 9.639330e+01 4
-0.019092 153.967843 1.175487e+02 4
-0.009314 142.692628 1.404937e+02 4
-0.000263 138.264764 9.480844e+01 4
-0.015122 135.552026 1.206923e+02 4
-0.014914 133.698903 1.099053e+02 4
-0.009824 140.309208 1.697880e+02 4
-0.005426 140.491927 1.561978e+02 4
-0.008547 159.468017 1.968612e+02 4
-0.021693 143.625556 7.211409e+01 4
-0.005735 136.584001 1.669662e+02 4
-0.012058 149.310817 1.792899e+02 4
-0.005505 138.917195 1.547437e+02 4
-0.034020 150.801404 5.630872e+01 4
-0.034197 168.251445 1.166709e+02 4
-0.001822 122.971645 6.554562e+01 4
-0.000099 140.324591 1.226603e+02 4
-0.024788 152.008070 1.505472e+02 4
-0.018332 156.373975 1.745534e+02 4
0.012111 116.045625 3.613268e+01 4
-0.005456 132.016732 8.984154e+01 4
-0.027681 143.323792 1.027054e+02 4
-0.017828 129.446799 8.911960e+01 4
-0.012713 134.651136 2.995999e+02 4
-0.010021 142.060323 1.610409e+02 4
-0.001746 137.684613 1.861639e+02 4
-0.008949 142.720300 7.569758e+01 4
0.000471 133.724717 1.169970e+02 4
-0.017150 142.959722 1.320150e+02 4
-0.005031 121.460441 1.481024e+02 4
-0.022885 142.413092 1.524696e+02 4
0.008603 100.147463 3.458610e+01 4
-0.003158 121.475775 1.435509e+02 4
-0.013530 122.238629 1.061509e+02 4
-0.009752 137.956180 1.669910e+02 4
-0.012318 135.587882 1.209163e+02 4
-0.017733 144.574307 1.543477e+02 4
-0.008509 132.709129 1.606361e+02 4
-0.020181 168.468806 1.519582e+02 4
-0.009387 138.381948 1.120244e+02 4
-0.011386 146.394586 1.597495e+02 4
0.006449 135.076772 1.228419e+02 4
-0.011156 132.316441 1.036569e+02 4
-0.009666 143.611699 1.379728e+02 4
-0.015572 143.672160 1.162486e+02 4
-0.010521 142.781908 1.414779e+02 4
-0.001175 127.624522 1.513276e+02 4
-0.001922 124.145361 8.818360e+01 4
-0.007225 144.184362 1.046735e+02 4
-0.006988 151.449423 1.114959e+02 4
-0.017894 156.831059 9.731690e+01 4
-0.023371 140.523286 1.018417e+02 4
0.018083 133.691509 5.272977e+01 4
-0.016649 141.283737 1.358352e+02 4
-0.008784 131.926831 7.116093e+01 4
-0.008411 161.003004 1.230279e+02 4
-0.012006 136.164223 1.526629e+02 4
-0.005579 112.000084 9.034966e+01 4
-0.016350 144.033755 9.270920e+01 4
-0.003722 137.249510 1.493226e+02 4
-0.021380 149.416857 1.525688e+02 4
0.001842 144.630709 1.472481e+02 4
-0.003844 131.512845 3.654742e+01 4
-0.020124 145.528105 1.583717e+02 4
0.004793 132.879367 5.668555e+01 4
-0.019243 147.942202 6.621081e+01 4
-0.004990 149.180590 1.081539e+02 4
-0.020825 155.448206 1.422298e+02 4
-0.012171 139.792117 1.027854e+02 4
-0.009449 152.185386 1.493182e+02 4
0.014905 135.516755 5.123185e+01 4
-0.001962 141.759314 9.584245e+01 4
-0.000150 145.656124 1.685224e+02 4
0.008568 136.479499 1.376276e+02 4
-0.014869 137.075560 1.312443e+02 4
-0.021555 156.463382 1.730922e+02 4
-0.024832 146.541556 1.289220e+02 4
-0.037543 154.652496 8.397934e+01 4
-0.040367 155.102201 1.085596e+02 4
-0.045995 164.758838 8.808751e+01 4
-0.012278 142.920377 1.216184e+02 4
-0.008607 145.162417 1.016943e+02 4
-0.025893 150.570490 1.259041e+02 4
-0.011339 134.626744 1.329557e+02 4
-0.009737 133.213048 1.277714e+02 4
-0.029910 155.155465 8.526242e+01 4
-0.017660 137.616491 1.325615e+02 4
0.000957 149.374571 1.652391e+02 4
-0.010765 129.688765 1.123326e+02 4
-0.019288 148.982227 1.378837e+02 4
-0.012938 155.279259 1.034719e+02 4
0.000165 135.809325 5.956794e+01 4
-0.019468 145.576368 9.820872e+01 4
-0.000893 137.640822 1.695614e+02 4
-0.005785 157.035140 1.537217e+02 4
-0.004215 145.806136 1.984413e+02 4
-0.011701 144.422565 1.614689e+02 4
-0.008811 145.661673 1.621071e+02 4
-0.023510 164.795438 1.630063e+02 4
-0.001332 145.886600 7.574961e+01 4
-0.003919 140.558795 1.252678e+02 4
-0.020774 147.323581 1.349607e+02 4
-0.011212 158.705378 1.524515e+02 4
-0.021901 152.616818 1.628485e+02 4
-0.021027 157.025313 1.751349e+02 4
-0.026142 155.275488 1.391856e+02 4
-0.005642 136.096436 1.277739e+02 4
-0.024044 143.613292 9.893522e+01 4
-0.005760 141.598519 9.121039e+01 4
-0.012580 122.221750 9.591983e+01 4
0.006834 143.770872 1.104340e+02 4
-0.015521 152.120109 1.642010e+02 4
-0.017532 151.830483 8.849602e+01 4
-0.013531 158.936460 1.246654e+02 4
-0.019560 147.167870 9.176143e+01 4
-0.013971 146.490455 1.481677e+02 4
-0.004622 144.244403 1.299569e+02 4
-0.017713 122.380081 3.745793e+01 4
-0.010329 155.755890 1.192059e+02 4
-0.016969 151.353416 1.024436e+02 4
-0.016900 149.913261 1.198605e+02 4
0.003355 133.707378 2.942529e+02 4
-0.004455 146.676145 1.381991e+02 4
-0.017897 165.238073 8.024205e+01 4
-0.020412 144.319165 8.827694e+01 4
-0.019087 141.518876 7.095893e+01 4
-0.039196 151.738355 9.576642e+01 4
-0.016809 136.958688 1.105758e+02 4
-0.003833 135.953395 1.024923e+02 4
-0.018549 148.448184 1.226988e+02 4
-0.007914 140.251901 1.313192e+02 4
-0.033675 162.059957 1.284925e+02 4
-0.000251 125.548209 1.062619e+02 4
-0.004999 145.366342 1.073566e+02 4
-0.006412 127.249934 4.523308e+01 4
-0.015304 141.227888 6.591462e+01 4
-0.005083 150.510437 7.508722e+01 4
-0.021116 141.691850 1.319194e+02 4
-0.003740 152.583942 1.415706e+02 4
-0.006359 146.681475 1.301280e+02 4
-0.017600 144.528367 1.593207e+02 4
-0.029864 146.149482 9.714387e+01 4
-0.004996 140.416211 1.442876e+02 4
-0.007801 150.463933 1.164606e+02 4
-0.016706 149.256485 1.051987e+02 4
-0.008330 143.920136 1.457535e+02 4
-0.007651 130.966876 1.304235e+02 4
-0.025653 155.390196 1.142775e+02 4
0.001413 140.120938 1.183882e+02 4
-0.020512 160.289875 1.213941e+02 4
-0.013979 152.188227 1.272494e+02 4
-0.017598 143.342037 1.163190e+02 4
-0.021467 159.479207 1.629826e+02 4
-0.005644 151.495878 1.269562e+02 4
0.001933 147.987730 1.447746e+02 4
-0.016270 152.942145 1.538655e+02 4
-0.012274 143.398609 1.881212e+02 4
-0.015150 148.390816 1.933002e+02 4
-0.024615 173.381859 1.140129e+02 4
0.005403 136.667468 1.117691e+02 4
-0.017462 160.720290 1.622765e+02 4
-0.013441 145.972219 1.674769e+02 4
-0.014988 133.216923 1.366929e+02 4
-0.024132 165.025131 1.755917e+02 4
-0.007185 146.788530 9.352080e+01 4
-0.011638 142.883548 1.025371e+02 4
-0.009493 147.156302 8.529036e+01 4
-0.014042 145.059174 1.576845e+02 4
-0.032372 139.394559 8.917470e+01 4
-0.013250 141.354810 1.546403e+02 4
-0.005988 136.374209 1.086956e+02 4
-0.022146 154.613969 1.558277e+02 4
-0.031600 164.424920 1.340872e+02 4
-0.017936 146.596861 1.100020e+02 4
-0.010559 148.727658 1.024012e+02 4
-0.007793 143.948403 1.091371e+02 4
-0.006220 149.134233 1.204180e+02 4
-0.017000 152.447076 1.482410e+02 4
-0.011796 140.913051 1.497038e+02 4
-0.010642 148.352257 1.758515e+02 4
-0.016648 155.577660 1.251198e+02 4
-0.012544 156.789751 1.175118e+02 4
-0.003256 149.680947 1.155008e+02 4
-0.012957 154.344115 7.180572e+01 4
-0.021016 158.599041 1.404195e+02 4
-0.003310 150.097140 1.503616e+02 4
-0.011804 136.550448 1.268096e+02 4
-0.010127 148.124686 1.040972e+02 4
-0.006581 150.825015 1.153665e+02 4
-0.008155 147.684689 1.159189e+02 4
-0.018475 154.844459 1.330442e+02 4
-0.027730 156.846545 1.194018e+02 4
-0.009055 149.741466 1.340972e+02 4
-0.012058 149.764465 1.346342e+02 4
0.008399 145.654912 5.453840e+01 4
-0.003796 143.035682 1.333013e+02 4
0.040769 142.718287 3.248634e+02 4
-0.011523 135.858019 1.794163e+02 4
-0.017069 129.170730 1.400088e+02 4
-0.002048 118.445913 1.545809e+02 4
-0.006190 121.817458 1.376645e+02 4
-0.009242 132.293270 1.369861e+02 4
-0.009296 149.343294 1.511008e+02 4
-0.031231 167.347759 1.241623e+02 4
-0.013842 150.174280 1.056587e+02 4
-0.030719 146.040684 9.977285e+01 4
0.000531 140.773148 1.484697e+02 4
-0.013042 146.902381 1.374005e+02 4
-0.011585 148.675217 1.413621e+02 4
-0.012564 143.003328 1.071938e+02 4
-0.023216 156.996290 1.076419e+02 4
-0.024692 142.961163 9.949075e+01 4
-0.016795 155.207985 1.418225e+02 4
-0.015582 145.802612 1.519728e+02 4
-0.020429 154.860645 1.186282e+02 4
-0.032299 155.259982 1.051347e+02 4
0.003299 129.734297 8.627930e+01 4
-0.041103 165.546960 8.875280e+01 4
-0.024607 158.504873 1.146586e+02 4
0.002583 145.056634 1.306007e+02 4
-0.002697 143.841621 1.232463e+02 4
-0.017281 151.529011 1.611216e+02 4
-0.019070 153.119931 1.781091e+02 5
-0.036751 177.386226 1.602011e+02 5
-0.001559 140.153937 1.658066e+02 5
-0.018872 162.790852 1.518898e+02 5
-0.012311 173.941872 1.145259e+02 5
0.006693 178.298102 2.187117e+02 5
-0.006010 136.843522 1.659721e+02 5
-0.026244 163.718186 1.631673e+02 5
-0.026199 159.191255 1.533425e+02 5
-0.008514 141.527614 1.508236e+02 5
-0.025256 160.217916 1.934182e+02 5
-0.005089 157.680614 2.041847e+02 5
-0.007912 155.066486 1.890399e+02 5
-0.011036 159.123274 2.036982e+02 5
-0.004563 150.319097 1.956353e+02 5
-0.023311 164.480740 2.550063e+02 5
-0.013240 163.492428 1.865468e+02 5
-0.010336 151.862824 2.727430e+02 5
-0.022471 143.724899 1.220182e+02 5
-0.020316 161.133389 1.955921e+02 5
-0.008577 167.909898 1.451058e+02 5
-0.019768 154.383712 1.247205e+02 5
-0.011881 160.107434 1.561750e+02 5
-0.019255 162.031418 1.606992e+02 5
-0.002449 163.515146 9.291634e+01 5
0.011842 111.043722 6.730043e+01 5
-0.024709 159.359706 1.503820e+02 5
-0.013671 158.807568 1.403094e+02 5
-0.018469 146.081010 1.506116e+02 5
-0.053189 172.343897 5.345334e+01 5
-0.017513 152.027075 1.233292e+02 5
-0.037224 179.041159 1.628854e+02 5
-0.021850 162.019754 1.592247e+02 5
-0.021310 166.337340 1.310711e+02 5
-0.009364 137.492213 1.627149e+02 5
-0.027143 161.289633 1.458805e+02 5
-0.013227 148.802617 1.587437e+02 5
-0.035471 157.111019 9.812546e+01 5
-0.021746 158.436897 1.420086e+02 5
-0.004438 140.420065 1.658625e+02 5
-0.009022 150.786725 1.549994e+02 5
-0.002592 137.997931 1.499003e+02 5
-0.015478 164.760755 1.457477e+02 5
-0.021440 160.533665 8.798428e+01 5
-0.014228 165.794187 1.886015e+02 5
-0.027916 170.323905 1.831052e+02 5
-0.005953 159.143312 1.137745e+02 5
-0.018843 166.255873 1.807803e+02 5
-0.020274 157.258157 1.004924e+02 5
-0.008585 158.787789 1.068066e+02 5
-0.005235 152.523480 1.124143e+02 5
-0.028018 160.642467 1.489156e+02 5
-0.017227 152.435718 1.927559e+02 5
-0.013366 149.198483 1.448112e+02 5
-0.007128 152.651195 1.483598e+02 5
-0.059820 148.765495 4.432840e+01 5
0.003496 151.887194 5.974370e+01 5
-0.018902 155.901118 1.582790e+02 5
-0.018426 171.821120 1.280640e+02 5
-0.018096 153.960922 1.452819e+02 5
-0.005541 155.679829 9.898286e+01 5
0.010589 112.331472 4.577107e+01 5
-0.004306 143.483130 1.305111e+02 5
-0.020028 167.296223 1.697194e+02 5
-0.009762 152.013630 1.739039e+02 5
-0.017295 138.930110 1.267856e+02 5
-0.020746 164.427591 1.610842e+02 5
-0.014590 132.824532 3.655411e+01 5
-0.024161 170.185712 1.067861e+02 5
-0.002084 149.619214 1.528422e+02 5
-0.008884 166.463451 1.431045e+02 5
-0.023154 151.202203 1.200354e+02 5
-0.050361 140.475585 5.037569e+01 5
-0.030885 163.703875 1.342115e+02 5
-0.020140 153.067361 1.475565e+02 5
-0.011959 147.130246 1.207110e+02 5
-0.005660 111.243416 4.126407e+01 5
-0.018877 147.159226 9.630718e+01 5
-0.023399 163.417802 1.901859e+02 5
-0.012495 141.956954 1.390293e+02 5
-0.005106 134.335848 1.412953e+02 5
-0.005300 136.807060 5.246754e+01 5
-0.000346 145.771027 1.002541e+02 5
0.004295 138.998140 1.157323e+02 5
-0.003049 149.274020 1.101127e+02 5
-0.019739 154.354059 1.264745e+02 5
-0.015248 151.842378 1.470081e+02 5
-0.015198 159.506928 1.551131e+02 5
-0.020780 160.254655 1.431652e+02 5
-0.022108 153.057706 1.681113e+02 5
-0.017940 151.730953 1.740750e+02 5
-0.030232 171.018809 1.400221e+02 5
-0.026748 173.165695 1.338894e+02 5
-0.001753 153.695305 1.055247e+02 5
-0.020841 147.659265 1.488174e+02 5
-0.010136 146.696273 1.711094e+02 5
-0.020908 162.434143 1.446683e+02 5
-0.005842 138.259710 1.831939e+02 5
-0.024394 170.474831 1.139928e+02 5
-0.013025 147.604443 1.611549e+02 5
-0.004129 139.733802 1.565564e+02 5
-0.025403 148.639820 1.106979e+02 5
-0.006425 146.070096 2.307587e+02 5
-0.022355 149.682667 1.084431e+02 5
-0.011993 140.617970 1.873983e+02 5
-0.014518 145.122078 1.683797e+02 5
-0.019104 140.640317 1.124632e+02 5
-0.013563 137.378871 1.709380e+02 5
-0.030414 137.723393 5.319810e+01 5
0.001723 152.493818 1.383610e+02 5
-0.009423 137.582277 1.557594e+02 5
-0.012620 153.040117 1.218738e+02 5
-0.028939 149.939556 1.437445e+02 5
-0.036067 125.638665 4.127434e+01 5
-0.009705 144.302254 1.633262e+02 5
-0.036296 170.823487 1.011241e+02 5
-0.022343 169.618646 1.855421e+02 5
-0.005986 170.888303 1.415675e+02 5
-0.002958 149.416999 1.405870e+02 5
-0.015804 146.969242 1.509412e+02 5
-0.016547 157.394634 1.779916e+02 5
-0.002098 156.559437 1.877203e+02 5
-0.014958 153.757124 1.429985e+02 5
-0.016037 157.540672 1.723509e+02 5
-0.007828 151.050388 1.341625e+02 5
-0.032211 139.812331 5.063289e+01 5
-0.007865 169.261171 1.004936e+02 5
-0.023925 161.975695 1.405495e+02 5
-0.001381 159.049607 1.132738e+02 5
-0.022465 161.805666 1.625557e+02 5
-0.018452 163.710506 1.413021e+02 5
-0.034002 152.094074 7.322863e+01 5
-0.018721 152.113271 1.441863e+02 5
-0.043284 161.937500 9.368429e+01 5
-0.026127 179.848364 1.545140e+02 5
-0.018928 170.353814 1.162680e+02 5
-0.025638 170.400176 1.613222e+02 5
-0.038032 172.038773 1.061888e+02 5
-0.006571 163.703737 1.857272e+02 5
-0.016352 164.399342 1.665729e+02 5
-0.006088 155.294130 1.339516e+02 5
-0.002786 151.920691 1.840380e+02 5
-0.025215 195.207933 1.128825e+02 5
-0.011173 156.195578 1.421995e+02 5
0.006899 148.685720 4.792362e+01 5
-0.006865 146.104268 9.360641e+01 5
-0.015150 156.870148 1.331311e+02 5
-0.020922 182.410101 1.584195e+02 5
-0.000294 147.388744 1.414726e+02 5
-0.002763 152.881148 1.232912e+02 5
-0.045673 179.882638 9.965155e+01 5
0.000890 145.776039 1.269921e+02 5
-0.025464 164.202855 1.536260e+02 5
-0.033044 185.717960 1.047702e+02 5
-0.051818 168.122324 7.650083e+01 5
-0.019055 116.345375 5.565350e+01 5
-0.027298 159.388217 1.452653e+02 5
-0.007728 175.757651 7.965362e+01 5
-0.033019 132.412998 5.540816e+01 5
-0.006665 153.455439 1.446564e+02 5
-0.012528 153.917252 1.447056e+02 5
-0.014526 150.100418 1.217891e+02 5
-0.020342 168.377288 9.522524e+01 5
-0.009173 146.333759 8.832807e+01 5
-0.048248 165.923823 8.344293e+01 5
-0.000038 151.648916 1.900283e+02 5
-0.005412 157.754738 1.450903e+02 5
-0.033269 182.317869 9.578961e+01 5
-0.013628 157.739611 1.745407e+02 5
-0.030821 185.296250 1.406834e+02 5
-0.003823 152.234036 1.663913e+02 5
-0.025736 155.490448 5.495531e+01 5
0.001747 138.319381 1.431482e+02 5
0.003687 146.908298 1.472056e+02 5
-0.018818 153.376015 1.412801e+02 5
-0.016631 166.572963 1.656556e+02 5
-0.016605 162.918105 1.419606e+02 5
-0.037327 145.881988 8.300272e+01 5
-0.034198 173.439412 8.284784e+01 5
-0.004253 161.727360 1.284027e+02 5
0.002348 152.806597 1.467864e+02 5
-0.020834 178.946355 1.720362e+02 5
-0.022558 180.340384 1.920915e+02 5
0.004637 124.207363 1.422689e+02 6
-0.007359 135.237024 2.087586e+02 6
0.004810 153.261138 1.717089e+02 6
0.016211 127.664354 8.977251e+01 6
-0.002656 146.595100 1.459380e+02 6
-0.030820 157.400309 1.522431e+02 6
-0.027419 148.667130 9.737800e+01 6
-0.018464 162.014052 1.341415e+02 6
-0.016360 137.818488 1.248216e+02 6
-0.019303 134.909915 1.738051e+02 6
-0.016908 147.926460 1.744492e+02 6
-0.003933 142.038072 1.492045e+02 6
-0.007425 134.477366 1.762753e+02 6
-0.013676 161.484994 1.466534e+02 6
-0.007922 144.541394 1.015121e+02 6
-0.010051 133.870436 1.135908e+02 6
-0.015782 158.946307 1.432197e+02 6
-0.016573 128.098620 1.072781e+02 6
-0.001606 140.776412 1.297824e+02 6
-0.018562 150.017203 1.594144e+02 6
-0.021758 156.454455 1.476365e+02 6
-0.010452 162.832004 2.222354e+02 7
0.000870 148.168028 1.545468e+02 7
0.004978 149.113645 1.137602e+02 7
-0.012857 156.685189 1.243130e+02 7
-0.010066 152.059919 1.560931e+02 7
-0.004659 152.474986 1.253392e+02 7
-0.007367 140.066315 9.960153e+01 7
-0.007654 138.942156 1.804234e+02 7
-0.006329 151.854341 1.718305e+02 7
-0.010313 140.416707 1.815003e+02 7
-0.008948 143.651603 1.315296e+02 7
-0.017450 143.935659 1.434891e+02 7
-0.027207 155.856024 1.234411e+02 7
0.007787 127.169681 1.129966e+02 7
-0.005377 127.581754 1.276420e+02 7
-0.001874 152.427202 7.295663e+01 7
-0.005150 129.085312 1.325364e+02 7
-0.023225 156.607704 1.404848e+02 7
-0.017104 150.163085 1.876138e+02 7
-0.021424 146.682479 9.490455e+01 7
-0.019407 156.604035 1.053972e+02 7
-0.013547 152.039772 1.816218e+02 7
0.003474 137.015526 1.494346e+02 7
-0.020082 165.367439 1.383489e+02 7
0.004609 139.251430 1.158528e+02 7
-0.015911 162.497960 1.930848e+02 7
-0.011877 137.741141 1.319073e+02 7
-0.007348 135.445512 9.755353e+01 7
-0.004685 134.466415 1.469735e+02 7
-0.009358 149.428359 1.710775e+02 7
0.001587 139.709065 1.308387e+02 7
-0.020942 158.126066 1.427677e+02 7
-0.011617 154.637489 1.923625e+02 7
-0.013576 147.115053 1.232898e+02 7
-0.016974 161.392571 1.558292e+02 7
-0.014588 159.685594 1.509549e+02 7
0.006810 143.707160 1.103825e+02 7
-0.000934 147.137899 1.504502e+02 7
0.010160 138.475710 1.157640e+02 7
-0.000848 148.385622 1.855593e+02 7
-0.008796 162.513375 1.491263e+02 7
