-0.119735 264.753948
-0.022640 228.792845
0.300479 190.313483
-0.424287 284.463220
-0.614486 287.310146
-0.199250 213.667411
-0.174970 263.199704
-0.101112 263.062881
-0.149001 265.420471
-0.144831 273.521214
0.088270 223.691533
-0.054863 238.595647
-0.137589 261.828029
-0.058132 245.460118
-0.142976 266.308094
-0.039550 205.070787
-0.118184 240.956123
0.019197 254.280439
-0.335960 247.201231
0.064858 227.512384
-0.053394 224.353031
-0.207696 257.601919
-0.641793 253.128545
-0.135725 254.044511
-1.412369 338.991076
-0.177083 257.051449
-0.650185 270.006778
0.015240 254.480685
-0.034544 244.117773
-0.219831 255.370952
-0.323426 248.026104
-0.139171 255.085427
-0.141331 215.903722
-0.363117 257.166191
-0.029923 239.519572
-0.218275 282.778040
-0.233399 255.502740
-0.499337 258.858039
-0.077357 257.860455
-0.268347 270.876724
-0.298252 286.796107
-0.080513 230.964038
-0.181420 266.321244
-0.570501 238.986403
-0.050701 239.905391
-0.395708 257.509973
-0.168322 283.072559
-0.164900 241.788412
-0.486111 310.741854
-0.159224 216.829801
-0.038311 249.093885
-0.586382 309.443264
-0.519466 297.332720
-0.032565 211.612330
-0.225039 250.763349
-0.353024 213.302450
-0.198524 260.296714
-0.073947 251.378504
-0.122308 261.583363
-0.516453 300.248458
-0.270291 247.684562
-0.002638 243.375395
-0.418907 245.719158
-0.364912 258.257142
-0.431992 247.469954
-0.210526 269.193751
-0.126430 266.946778
0.664860 168.121986
-0.217749 265.246724
0.038647 236.618329
-0.208327 261.456701
-0.131014 262.926803
0.070879 211.334980
-0.395167 240.763968
-0.055616 251.299413
-0.624952 263.944692
-0.663056 287.466626
-0.572124 247.695121
-0.228198 207.845587
0.033353 240.604697
-0.141810 274.696115
-0.371227 299.922510
-0.444328 300.698607
0.129318 211.745580
-0.067308 255.854843
-0.145309 269.160023
-0.087418 251.719771
-0.141550 271.709947
-0.225400 260.501884
-0.204094 271.683113
-0.086588 255.290402
-0.332514 259.910894
-0.363739 292.785805
-0.210037 226.782771
-0.339372 304.838265
0.132711 227.675408
-0.107621 261.923733
-0.204737 281.401308
-0.521173 287.117840
-0.024028 213.767037
-0.339767 280.850215
-0.323802 282.328800
0.051865 229.153068
-0.801436 288.364639
-0.244244 243.864266
-0.169758 261.700576
-0.114253 265.611565
-0.153194 251.369862
-0.238958 203.143657
-0.113197 275.256980
-0.658789 327.823991
-0.213890 287.269132
0.037338 235.174770
0.426942 212.484975
-0.155468 219.576666
-0.296616 213.583561
-0.007440 226.116212
-1.525758 321.074041
-0.354619 235.035447
-0.306077 292.156761
-0.204442 232.754630
-0.091762 273.122124
0.046661 236.501527
0.359070 200.765734
-0.683638 231.880568
-0.135858 267.370857
-0.086277 270.924247
0.122149 209.954909
0.110059 197.391076
-0.094857 261.720106
0.363881 215.055564
-0.131513 268.673099
-1.244300 317.931840
-0.003580 247.364327
-0.049150 236.284863
-0.321418 284.125156
-0.231672 289.457878
-0.339898 239.069158
-0.387591 290.259854
-0.542298 242.070946
-0.082215 239.393034
-0.577902 260.161549
0.000071 270.888722
-0.392879 281.099255
-0.335563 295.213518
-0.162519 236.059850
-0.450908 235.128921
-0.417352 288.181695
-0.047027 243.249655
-0.138870 244.595902
-0.232289 259.758007
-0.118533 257.034146
0.070342 233.901405
0.419306 219.158523
-0.812758 341.736041
-0.292046 282.421435
-0.687408 310.489103
-0.827326 294.374313
-0.395936 285.199056
2.378914 104.665640
-0.222299 306.678422
0.006473 275.995829
0.341269 226.830486
0.057071 215.586511
-0.097975 232.692849
-0.759496 285.170509
-0.056161 254.164189
0.108820 206.606085
-0.547132 328.249403
-0.554230 284.043776
-0.758276 267.178409
-0.504886 288.161056
-0.265516 263.289843
0.258099 238.709141
-0.122106 261.404372
-0.727408 314.823456
-0.002288 206.050480
-0.762896 294.164223
0.408979 232.174886
-0.516440 282.401199
-0.204658 283.486722
-0.692498 280.075671
-0.175983 261.319445
0.463846 207.980538
-0.255556 255.070226
-0.115306 265.063631
-0.698015 296.588335
-0.050635 261.153730
-0.292315 250.829834
-0.516164 266.384388
-0.897233 277.230680
-0.142050 242.373054
0.272961 223.482028
0.083808 252.483046
-0.433256 267.231086
-0.278872 261.832097
0.142617 228.412903
-0.893637 308.297193
-0.175873 236.396915
-0.669467 254.634555
-0.265655 240.238920
-0.184477 241.574537
-0.120921 246.598195
-0.064161 254.456778
-0.064259 206.107035
-0.276192 283.154224
-0.255576 273.760888
-0.080786 255.815944
-0.914021 291.836827
0.024802 224.612731
-0.475824 311.748228
-0.166437 261.836773
-1.175653 273.734577
-0.110178 264.060725
-0.037904 221.933278
-0.170154 232.792366
-0.702879 301.442977
-0.178733 225.860761
-0.335871 279.500048
-0.960893 294.056641
-0.109714 256.549324
-0.227149 283.456868
-0.017156 222.832627
-0.397820 302.850653
0.411229 204.846187
-0.260498 273.486781
-0.176874 249.580741
-0.312441 292.680464
-1.193039 330.438934
-0.131332 261.294379
-0.372725 245.561406
-0.365277 261.806381
-0.194131 222.501398
-0.033628 213.011809
-0.061956 251.298213
-0.224886 274.316654
-0.229193 243.025777
-0.091055 251.619835
-0.266465 254.278989
-0.190511 248.957287
-0.009008 227.268177
-0.172391 251.816215
-0.776517 301.303352
-0.052674 228.713244
-0.098366 236.794702
-0.146971 253.928669
-0.000367 223.426486
-0.349411 286.938172
-0.190192 266.672736
-0.234795 274.467746
-1.183373 315.185549
-0.028908 233.926168
-0.222076 277.810792
-0.149782 255.947013
-0.075795 251.719365
0.021978 222.455413
-0.293684 236.884456
-0.140037 269.506786
-0.263706 257.371098
-0.082563 248.858904
-0.193489 269.514520
-0.309723 272.420116
-0.250591 291.912335
-0.137876 270.719797
-0.056127 226.461179
-0.055001 244.239321
0.121352 199.580066
-0.190469 261.232532
0.505539 218.059011
-0.631608 265.351105
-0.129031 252.970621
-0.481274 270.755423
-0.115337 238.782092
-0.083740 222.637434
-0.351329 276.215691
-0.295612 235.321534
-0.164676 270.800843
-0.232232 273.082682
-0.090447 241.190729
-0.098947 267.388325
0.609702 213.067336
-0.488305 211.899839
-0.237022 280.789957
-0.188531 239.651672
-1.454586 320.721722
-0.699090 295.402122
0.255572 184.343107
-0.635659 302.411592
0.120167 200.807804
0.060646 233.855233
-0.106782 260.352489
-0.036251 248.711492
0.048278 198.084417
-0.161838 256.188471
-0.309570 270.749836
-0.098167 227.585498
-0.126603 248.849384
-0.036560 257.806968
-0.085357 243.014631
-0.149223 261.667236
-0.587397 272.444191
-0.237100 266.470204
-0.356905 237.255734
-0.064739 242.222856
-0.107939 215.515555
-0.279418 267.504982
-0.185031 268.184001
-0.103910 272.088850
-0.017328 211.899115
-0.610811 304.532920
-0.059234 232.161820
-0.016942 255.785280
-0.192790 253.535052
-0.550377 280.166939
-0.246000 287.502178
-0.144177 256.169430
-0.193261 273.498885
0.096444 223.079398
-0.178537 281.100070
-0.211744 235.192844
-0.156756 269.536451
-0.111510 258.755548
0.008692 229.893017
-0.086707 260.486922
-0.139131 237.468791
-0.428690 298.765396
-0.197191 255.864764
-0.230761 282.786730
-0.063711 268.190937
0.082556 211.101784
0.018988 226.376436
-0.347619 288.383273
-0.380012 277.527747
-0.260670 257.510805
0.022093 245.218598
-0.183162 262.189771
0.030198 230.102428
-0.302521 265.593889
-0.729332 279.514496
-0.908313 297.005844
-0.136106 242.938011
0.225032 273.758697
0.047113 218.599363
-1.042410 295.079951
0.541644 207.490262
-0.031045 245.509702
-0.344258 271.765325
-0.195064 270.431195
-0.122652 268.405410
-0.052176 246.434656
-0.087747 267.474878
-0.198001 280.960912
-0.515871 273.673018
-0.638506 285.543172
0.018570 224.923608
-0.094592 266.187885
-0.221603 276.484019
-0.144488 224.717692
-0.249017 268.101050
-0.302459 309.500900
-0.080322 247.052490
-0.174470 242.190803
-0.385509 251.481054
-0.847155 245.820495
-0.219369 271.589751
-0.110403 262.090762
-0.198605 288.085339
-0.773326 279.906544
-0.019191 232.947162
-0.057707 240.370453
-0.519722 324.888159
-0.382237 280.370270
-0.211330 279.678713
0.369987 252.874460
-0.167698 253.617686
-0.093148 287.524251
-0.121205 259.525450
-0.086740 273.768113
-0.336729 271.525282
-0.102826 264.772517
-0.237755 244.876179
-0.589320 291.621454
0.239975 208.910216
0.213707 226.396322
-0.130246 217.633718
-0.372317 285.735575
-0.529383 270.514275
-0.232424 277.534004
-1.863262 294.062129
-0.213520 279.921067
-0.120121 248.238275
-0.310345 287.927358
-0.453030 257.696714
-1.277280 343.799767
-0.037714 232.907513
-0.150174 256.257597
-0.821155 322.671828
0.005806 219.948036
-0.554886 300.543447
0.072760 233.879137
-0.066653 255.565888
-0.438110 292.898164
-0.185896 235.270998
-0.488174 283.810757
-0.305247 269.923616
-0.252010 256.326780
-0.158457 259.239530
-0.227003 281.882702
-0.403531 282.881432
-0.084834 202.511941
-0.015955 237.032737
-1.564560 284.176532
-0.157819 260.204510
-0.114774 248.110050
-0.202396 265.365918
-0.057333 262.284384
0.079483 202.951936
-0.177703 253.621851
-0.065467 237.644080
-0.428833 257.315033
-0.405353 256.716944
-0.226290 274.259707
-0.104677 239.162863
-0.194853 265.975924
-0.169561 232.763832
-0.177492 258.089682
-0.472163 262.671794
-0.874648 257.595847
-0.361416 289.097657
-0.213509 233.321759
0.031550 219.916669
-0.980739 276.926687
-0.368767 276.146283
-0.188466 248.197499
-0.028192 260.765089
0.021994 209.079377
-0.164573 251.626950
-0.094887 230.273941
-0.046669 248.266266
-0.078376 229.297527
-0.264176 286.008645
-0.070260 268.025307
-0.244349 243.147875
-0.090432 255.816496
-0.911552 254.304832
-0.146837 249.271235
0.489842 260.246828
-0.249486 236.334406
-0.066123 249.397743
-0.100844 250.244442
-0.234955 258.535775
-0.208999 244.807508
-0.223850 257.739912
-0.434190 286.591670
-0.053100 224.039125
-0.464469 296.823723
-0.122803 208.380249
-0.176325 261.642090
-0.019769 247.763299
-0.074372 259.179358
-0.555599 266.816398
-0.450841 304.973828
-0.361216 225.532938
-0.139105 256.692386
-0.129474 259.620266
0.091019 252.667698
-0.092072 225.997646
-0.222019 272.793698
-0.102275 254.319844
-0.284115 253.378295
-0.238049 243.527624
-0.124051 256.757954
-0.007583 226.747763
-0.061646 245.357223
-0.063238 225.511524
-0.366126 272.349397
-0.008262 244.926530
-0.427270 265.473166
-0.163320 238.805295
-0.371962 274.579527
-0.130954 237.148655
-0.174723 269.863474
-0.012548 243.756423
0.034643 240.353637
-0.110206 261.278828
-0.273842 274.805137
-0.212499 262.276957
-0.237452 258.618767
0.051372 240.998430
-0.192461 265.582680
-0.442935 255.340047
-0.102986 244.413396
-0.010685 231.035018
-0.282648 269.130152
-0.232470 273.162612
-0.013869 258.109302
-0.167999 250.445663
-0.455957 279.622016
-0.480497 307.234241
-0.456913 281.021229
0.007590 220.635876
-1.252514 332.402321
-0.293513 270.114829
-0.619033 294.312057
-0.765217 299.348618
-1.236642 359.413577
0.152150 195.429166
-0.161735 295.476265
-0.163777 245.299399
-0.105423 242.837065
-0.100906 234.409263
0.201656 207.040232
-0.157635 258.288903
-0.212029 297.793699
-0.109576 247.720175
-0.026520 258.838090
-0.324699 248.276103
-0.253091 253.624083
-0.087264 212.107379
-0.525207 269.190704
-0.056121 254.744963
-0.099530 252.824400
0.024843 246.593559
-0.077168 259.380564
-0.178265 264.770094
-0.154718 285.580018
