1 0007
1 0109
1 0110
2 0033
2 0295
2 0300
2 0355
2 0368
2 0371
2 0405
2 0571
2 0626
2 0850
2 0858
2 0928
2 0945
2 1176
2 1199
2 1234
2 1239
2 1250
4 0041
4 0047
4 0051
4 0108
4 0186
4 0289
5 0056
5 0077
5 0082
5 0114
5 0159
1 0034
1 0064
1 0111
2 0022
2 0041
2 0045
2 0151
2 0153
2 0185
2 0330
2 0412
2 0474
2 0496
2 0500
2 0514
2 0541
2 0549
2 0558
2 0578
2 0596
2 0640
2 0662
2 0673
2 0688
2 0697
2 0711
2 0712
2 0717
2 0753
2 0778
2 0788
2 0789
2 0794
2 0874
2 0879
2 0924
2 0942
2 1017
2 1020
2 1044
2 1052
2 1078
2 1083
2 1123
2 1167
2 1169
2 1192
2 1196
2 1235
2 1344
2 1355
2 1360
2 1375
2 1386
2 1388
2 1394
4 0009
4 0055
4 0060
4 0082
4 0110
4 0114
4 0121
4 0126
4 0147
4 0157
4 0159
4 0165
4 0172
4 0180
4 0212
4 0229
4 0278
5 0006
5 0025
5 0026
5 0030
5 0056
5 0057
5 0062
5 0068
5 0073
5 0077
5 0082
5 0094
5 0109
5 0126
5 0145
5 0156
5 0172
